165 350
100 94 36
65 34 36
33 73 45
153 51 33
157 104 46
103 33 45
49 157 39
106 126 34
69 14 37
158 26 44
137 161 40
65 52 43
68 95 28
84 77 46
9 113 37
91 92 31
21 81 46
32 8 43
99 46 25
55 46 44
138 141 28
118 60 26
26 8 33
115 84 35
164 107 41
13 15 25
15 3 26
54 87 45
92 115 35
17 165 34
121 102 45
136 65 39
48 27 36
16 72 42
7 47 29
20 67 41
109 38 45
145 114 25
56 123 38
39 150 27
104 164 32
131 92 42
120 106 33
69 147 45
27 79 35
51 80 35
143 44 30
149 100 32
58 83 39
98 145 43
142 36 41
5 91 26
55 26 35
138 135 25
16 99 43
146 120 34
102 51 30
92 124 37
61 90 27
132 48 33
48 120 37
96 126 27
88 62 46
116 17 38
104 45 38
163 156 40
114 6 33
77 9 34
23 22 24
113 90 29
127 150 36
112 7 28
148 89 42
146 78 27
121 29 24
126 128 34
132 71 27
38 86 32
72 139 26
138 101 37
21 5 30
115 101 28
95 45 27
34 100 24
125 39 33
124 115 24
165 56 43
4 79 23
133 151 41
106 160 34
155 153 38
111 42 27
66 19 43
23 10 33
125 127 23
86 60 40
154 134 44
63 7 38
163 122 41
90 71 32
67 23 40
122 119 33
74 93 42
54 24 26
61 36 24
38 12 42
118 127 29
55 13 46
12 118 24
160 162 35
72 31 27
57 61 37
128 93 44
41 94 40
126 40 27
92 73 44
29 153 40
164 22 25
26 32 31
84 61 44
110 116 28
105 86 41
3 70 31
140 123 39
57 135 42
52 66 26
102 80 41
111 136 25
79 160 44
82 57 26
52 94 34
93 50 33
140 76 32
67 68 25
24 47 25
76 49 34
129 86 37
97 161 24
36 132 44
11 2 34
78 79 41
139 55 24
94 19 35
48 78 33
8 3 25
44 5 28
90 132 42
99 151 28
85 42 35
79 120 34
158 151 46
131 33 23
95 22 43
141 142 43
16 139 26
134 136 46
115 135 33
35 67 33
164 95 24
24 117 25
18 30 31
30 70 28
56 140 29
151 26 28
114 150 40
84 135 39
1 58 46
141 9 32
5 131 31
91 131 34
18 13 39
122 110 36
62 43 30
94 29 25
101 61 44
74 126 29
150 88 31
45 22 27
68 23 34
159 96 39
109 129 35
130 11 25
144 94 35
22 25 32
135 141 38
60 150 28
142 4 31
64 142 37
100 121 28
83 133 29
1 31 36
33 124 34
119 110 24
45 25 32
42 34 45
51 129 46
71 48 29
69 105 37
36 48 44
117 1 40
77 135 23
150 62 45
47 31 39
6 143 27
107 87 41
53 134 35
161 73 36
58 72 46
107 112 46
24 7 40
149 66 36
43 137 35
64 36 36
118 145 38
156 122 43
71 159 38
27 159 28
135 64 28
58 99 39
76 67 44
160 50 32
8 53 31
25 54 37
151 18 42
137 97 45
154 3 40
147 12 25
59 46 34
21 28 28
128 152 24
86 98 37
129 105 30
116 56 41
19 153 32
99 133 42
151 13 41
14 98 28
133 18 28
127 143 38
10 22 40
113 36 46
80 147 42
123 20 42
31 59 46
83 31 44
44 43 24
12 125 41
86 118 34
100 29 36
139 99 44
49 68 31
66 100 27
70 85 25
34 52 27
120 160 39
73 82 39
35 104 27
47 16 46
150 143 23
123 76 40
20 35 35
88 43 30
54 7 39
36 37 34
152 40 35
87 117 37
106 128 45
63 112 37
96 160 34
101 142 43
46 32 40
4 146 38
10 107 27
30 154 44
87 58 46
19 80 30
57 138 45
38 98 28
13 30 25
157 23 36
13 154 23
127 39 33
139 151 42
77 61 24
75 21 37
79 126 27
37 4 30
81 103 44
40 148 36
28 103 36
32 53 28
161 103 43
42 149 23
14 86 46
41 144 40
26 18 40
1 72 36
117 83 25
47 139 25
73 77 41
136 52 28
88 44 46
142 90 43
75 81 28
105 38 25
149 41 27
137 5 26
61 64 30
162 152 23
7 1 26
112 87 37
147 14 32
40 89 23
97 28 27
134 111 38
81 161 37
11 109 30
102 130 34
144 155 36
124 77 28
113 37 34
83 99 43
160 128 42
133 55 42
80 2 24
29 102 37
59 158 40
124 138 25
60 145 41
70 34 27
96 74 32
31 151 25
97 81 24
2 69 27
41 66 37
98 125 42
28 91 35
82 77 24
82 135 46
33 115 27
159 74 32
50 148 24
45 63 30
155 94 27
108 20 25
85 52 37
62 75 44
107 63 25
5 81 25
53 15 32
