1185 2542
651 35 35
1044 997 52
727 461 34
633 681 48
976 934 52
450 798 33
873 1169 42
211 1137 51
54 442 33
326 1105 43
84 804 30
910 769 27
844 976 43
831 427 48
772 219 51
52 23 30
69 231 38
1006 1003 26
1061 385 48
206 391 47
338 714 48
372 1156 41
719 814 45
340 905 34
708 689 49
1047 949 32
1158 456 47
1101 567 40
680 939 27
337 986 30
223 562 37
110 359 41
459 868 30
92 579 38
1122 302 26
111 621 34
40 177 29
263 1034 33
914 255 35
501 723 31
1159 868 33
1084 590 36
890 766 48
449 241 46
395 747 28
446 294 43
1073 453 42
1157 717 26
245 399 30
590 304 42
997 878 31
82 1109 39
844 681 39
829 1125 47
954 22 34
881 889 38
556 818 50
1087 301 50
569 984 31
139 680 45
534 544 28
564 106 32
216 824 48
800 221 30
717 853 35
431 449 41
56 291 27
44 165 34
514 1176 32
98 113 46
661 275 40
700 679 27
318 1129 43
812 707 43
516 663 52
926 248 49
906 977 45
138 839 51
729 244 30
754 655 31
1014 586 28
221 427 38
690 713 52
246 970 46
713 252 27
1162 731 46
1138 436 50
535 479 29
1172 654 36
141 347 45
1012 128 29
565 627 35
1040 682 42
590 100 51
391 971 37
475 19 34
209 831 34
349 971 38
581 402 46
1056 838 31
254 441 26
165 223 36
901 82 30
481 261 46
37 187 38
634 321 52
4 412 26
613 743 27
387 664 38
797 643 48
118 473 28
537 882 40
58 683 28
662 136 43
551 101 34
788 696 48
414 611 31
830 458 43
628 330 37
1147 111 42
12 1115 50
1017 176 41
162 349 51
1114 96 31
744 1119 35
1160 1073 30
1072 394 36
553 350 45
370 513 31
928 380 26
310 396 28
838 1010 41
388 774 47
926 1026 36
355 341 46
922 63 37
985 901 41
710 99 50
1126 1075 36
1059 549 41
1170 936 39
1164 1017 40
637 505 30
10 793 34
314 1036 44
133 1145 41
1108 1106 36
134 729 38
767 666 29
519 470 50
616 842 40
84 395 37
825 191 29
276 147 48
124 555 34
1166 803 48
994 120 47
143 901 31
634 641 38
643 588 42
705 452 36
1030 276 38
266 612 33
820 754 49
1168 676 51
991 1049 46
1147 522 39
841 552 43
275 676 44
1095 1041 37
866 477 36
806 1111 29
390 656 36
1025 308 39
980 244 40
1008 234 26
96 878 41
257 987 27
497 98 52
1019 108 28
1002 961 27
986 1098 33
685 118 28
381 585 46
541 1165 38
671 181 51
563 1039 31
402 685 34
971 213 43
523 589 52
641 1025 36
1018 1102 44
920 140 44
134 980 34
744 232 50
458 810 33
625 399 30
328 579 45
450 793 46
571 808 49
189 367 28
520 62 43
1027 728 35
896 745 37
875 696 38
231 774 29
350 1105 41
1013 1136 37
576 46 39
851 494 49
369 36 44
319 678 30
1008 880 33
620 60 51
695 902 36
334 11 32
248 30 44
821 222 50
594 986 34
935 899 42
1092 400 28
781 609 48
842 594 26
868 1014 29
804 747 51
447 80 32
511 245 38
146 282 50
419 31 35
794 701 33
665 1055 47
209 58 28
1045 977 42
451 357 28
213 371 48
429 5 35
568 480 45
695 579 30
212 921 52
1141 405 47
987 711 40
530 756 50
1057 937 26
1029 712 42
822 298 46
781 319 42
1057 211 36
611 983 32
967 410 32
403 840 41
293 1179 28
662 1041 49
943 566 36
682 537 45
529 903 44
312 617 46
674 1161 44
476 964 41
68 1095 27
834 697 36
742 375 44
843 710 48
339 684 44
283 1183 50
676 146 39
440 537 44
200 1150 33
904 1120 39
891 1159 37
950 116 47
72 94 40
135 1055 35
477 994 42
358 188 28
289 133 36
898 67 39
580 425 27
233 41 37
383 363 44
858 88 47
1138 485 45
132 904 42
457 326 46
931 192 36
396 67 35
978 354 31
3 278 47
653 192 32
1125 896 26
740 197 26
397 286 36
566 671 44
1052 356 52
1021 255 39
103 949 28
1128 782 41
77 475 32
775 18 41
684 919 43
576 1150 34
323 641 29
435 1139 42
380 931 42
345 426 43
1045 739 36
572 738 39
1174 1108 39
1009 968 31
766 386 52
269 450 51
554 978 41
1168 380 34
1031 20 30
681 934 47
38 137 46
973 540 33
786 1040 48
1167 673 44
136 872 39
738 1070 38
43 707 29
1136 417 32
894 219 35
260 455 46
486 296 44
749 952 28
777 950 40
1003 125 44
652 265 45
1071 1097 51
51 21 49
249 1039 44
834 790 42
76 270 27
116 611 34
509 272 37
826 144 39
738 1076 50
692 386 38
351 722 46
491 400 39
356 487 38
380 192 33
484 469 26
339 1156 31
1131 167 45
970 637 49
551 572 48
631 612 43
55 1019 43
442 647 40
281 359 44
508 260 36
1046 803 50
809 433 36
1105 598 44
707 1048 26
1119 373 30
232 850 42
1136 536 48
770 1136 40
968 186 44
112 883 38
371 602 42
714 682 31
364 1025 46
26 885 39
297 216 48
398 603 27
1050 411 44
1049 838 36
208 183 43
977 985 26
1026 30 47
604 835 51
126 1030 37
1048 50 47
1085 198 37
507 126 50
245 1178 49
88 717 47
437 261 42
474 820 28
1145 176 47
299 490 39
728 1181 29
642 883 26
1010 252 52
827 215 37
1153 590 29
779 409 33
652 961 27
277 160 28
176 898 45
857 33 43
258 893 34
650 840 31
852 185 40
1064 539 43
99 87 49
134 562 51
1075 141 51
748 51 33
1021 914 49
892 997 50
1002 79 42
942 287 52
990 1 40
172 448 38
631 266 52
712 665 51
475 947 45
406 145 52
377 214 29
480 821 49
1043 413 29
247 1117 40
778 258 49
1007 451 42
645 692 27
916 1054 41
856 1092 29
741 506 50
409 200 26
1159 586 30
121 1027 32
267 477 44
929 900 40
962 836 44
247 114 52
467 604 28
210 779 42
803 855 40
861 14 47
528 871 47
262 355 26
622 1022 31
1083 298 51
80 689 52
934 142 30
1139 366 26
288 692 33
466 539 40
1084 1077 51
748 207 32
471 995 46
497 173 31
453 468 40
122 641 35
918 1023 47
917 511 28
86 456 36
147 738 41
14 1008 33
691 173 26
1136 1055 49
885 740 36
618 693 36
609 891 29
162 391 48
813 845 35
606 642 28
1120 952 47
1 44 40
69 774 28
153 254 44
412 516 29
751 211 40
311 802 49
196 307 31
20 1083 48
387 260 42
16 190 48
763 332 28
489 515 39
862 1144 49
705 104 50
193 755 30
1174 706 50
871 559 44
1131 141 34
609 459 48
182 57 44
513 37 36
410 392 42
950 285 28
347 596 36
1124 16 51
819 769 45
464 371 32
303 49 43
940 51 40
78 374 34
741 699 51
617 671 51
1077 915 37
281 1 47
111 571 35
75 283 40
1185 778 47
991 690 50
80 708 40
826 372 51
917 625 33
610 668 36
598 945 26
896 218 35
847 130 28
1073 385 46
140 834 32
924 903 33
224 16 51
398 575 51
35 640 31
321 360 51
780 908 40
1101 7 28
1019 370 46
274 543 45
817 647 34
1161 403 41
877 501 50
126 286 35
631 467 28
140 697 29
1004 796 28
811 160 36
550 1183 34
612 604 32
70 1129 51
327 1115 29
667 226 43
845 185 27
582 249 31
66 950 49
737 476 27
357 827 33
872 1172 28
731 446 44
165 526 33
951 356 35
659 878 51
1026 248 27
608 692 51
797 588 39
515 916 29
326 945 37
647 148 38
797 1170 28
1002 719 45
773 59 37
954 178 48
918 14 44
662 901 38
218 314 31
532 107 45
1137 673 44
433 1078 33
299 951 31
346 64 40
199 834 28
1001 873 33
1115 73 38
27 765 38
767 989 29
726 458 50
750 330 46
127 438 34
557 1136 42
989 844 39
944 154 41
501 297 47
29 160 49
607 861 44
685 701 30
177 612 35
1110 1062 51
1103 572 38
1156 999 29
609 564 40
509 530 44
1137 782 42
16 307 29
279 634 46
300 1059 52
746 1045 42
827 289 33
502 390 46
94 1004 26
157 282 31
932 237 46
1166 555 33
862 854 38
760 1065 49
929 1032 45
1127 625 51
587 227 46
388 76 48
486 747 43
290 1095 39
298 1061 44
626 472 28
181 730 28
537 506 36
152 1084 35
24 545 28
722 1060 39
723 469 45
441 425 50
721 84 45
991 773 43
597 164 50
1181 770 44
1030 572 50
148 95 44
903 1148 32
486 1114 42
760 1152 33
78 1121 52
68 906 48
1099 508 50
757 429 49
786 714 43
425 964 34
966 91 50
665 557 36
908 1009 43
1118 568 32
866 373 51
595 147 47
371 517 40
1102 795 35
63 715 30
965 201 44
648 334 37
407 154 26
1031 1024 37
144 339 45
430 743 41
757 1157 42
269 268 37
762 369 37
1121 464 49
1066 1091 28
1072 1033 52
661 1175 51
613 342 28
974 666 40
627 926 42
251 1121 48
668 202 30
771 472 34
385 828 39
995 1154 30
439 292 33
437 481 39
866 232 38
618 93 45
1134 431 38
577 734 41
785 836 52
6 239 41
526 980 48
478 876 46
342 164 49
1117 1182 44
156 1183 45
554 486 30
1078 1035 52
1112 1021 27
404 23 51
312 789 50
803 93 38
169 1065 27
1155 311 29
453 578 40
308 428 36
607 541 32
712 89 48
244 175 30
272 573 30
447 162 34
130 382 40
820 655 35
378 575 32
1173 65 48
228 457 33
587 393 41
146 753 42
1161 840 30
533 928 45
117 1161 43
58 471 45
667 416 47
1062 20 51
938 1119 48
153 594 29
460 257 33
343 849 48
971 1121 49
636 502 29
1005 956 49
90 686 43
334 1071 40
65 338 26
430 238 26
1122 873 26
1060 1104 28
655 944 28
1027 1013 47
1025 677 48
310 67 28
374 1121 27
913 1010 40
30 567 40
46 970 49
1163 991 41
38 104 46
405 103 51
507 101 33
966 11 38
98 47 49
160 163 47
783 947 52
202 975 27
1007 357 39
1067 412 30
616 441 37
443 591 26
1135 554 49
30 510 46
758 945 41
462 133 44
817 36 51
315 767 31
721 11 32
1153 100 32
43 1137 31
1 165 39
544 358 47
1121 445 41
462 408 26
63 521 40
656 592 43
769 1037 32
931 146 34
79 335 29
651 640 40
982 471 40
148 243 30
882 265 45
822 1125 46
179 97 37
149 281 37
127 716 34
767 976 40
199 513 27
714 463 36
138 798 47
654 61 42
719 111 48
98 691 46
945 928 46
663 942 26
710 832 41
330 758 51
16 379 31
220 332 33
482 631 31
118 922 34
1154 740 42
195 921 43
1029 89 33
92 902 38
651 941 40
775 687 50
745 333 52
740 645 37
464 1081 26
119 184 32
673 409 47
814 79 47
550 518 51
948 639 34
132 1120 51
1086 63 46
135 962 46
724 1111 46
471 831 36
369 442 27
190 316 46
660 25 49
151 303 42
373 267 33
1059 444 33
4 248 46
57 559 28
155 238 29
226 121 37
569 55 46
1017 607 41
828 453 38
420 731 26
1086 954 31
389 344 27
1055 306 38
347 805 30
118 794 36
350 894 49
1082 660 26
292 20 29
282 696 46
433 887 39
948 1081 28
755 565 33
570 214 32
593 953 30
9 478 38
299 1005 32
880 1068 47
539 273 33
800 982 32
341 1139 38
85 100 48
428 550 51
184 223 43
588 842 45
47 173 32
1012 231 39
675 233 36
462 1164 28
27 538 52
525 958 27
685 922 33
328 92 49
789 339 35
422 968 28
900 605 46
757 61 31
416 121 42
1037 328 28
1177 561 50
1011 643 34
1020 361 48
1163 649 46
766 57 49
225 972 43
54 250 40
44 70 38
122 718 40
921 423 28
959 13 34
152 988 49
448 657 33
401 1037 31
677 19 45
1024 345 30
298 1160 32
485 15 48
768 708 33
392 463 31
269 10 37
805 820 39
854 632 51
517 1006 30
1066 153 46
610 348 26
458 695 45
417 785 49
608 867 26
538 596 31
83 201 38
798 787 46
956 262 44
1044 96 35
144 684 26
8 93 48
180 344 32
287 27 32
260 877 28
456 214 43
705 110 50
470 520 36
531 529 44
804 543 52
492 773 29
916 1155 36
624 90 39
3 606 40
818 960 41
996 871 39
875 419 33
931 788 35
498 1100 37
300 117 52
441 580 43
877 297 30
984 927 44
895 54 36
518 208 39
895 817 50
999 966 45
929 460 30
1028 113 31
680 856 45
510 287 45
1095 739 40
362 1003 52
807 700 45
333 218 31
1167 779 26
228 750 41
102 966 48
374 445 28
1151 730 41
454 422 44
572 420 41
575 938 30
1175 931 39
10 450 26
752 251 26
776 264 32
961 205 51
434 87 49
891 564 38
1034 303 37
823 54 42
408 289 33
647 180 48
842 145 42
187 343 39
443 950 45
1123 543 48
425 1118 46
506 1002 46
17 948 41
414 179 36
885 109 44
235 376 30
715 209 32
649 1049 40
854 610 26
481 559 50
207 361 51
720 16 41
513 317 32
832 624 33
1151 999 33
97 742 49
1074 65 33
960 293 49
892 878 28
1110 1024 52
145 580 44
390 71 35
888 1079 49
1174 56 27
677 925 45
365 1090 52
717 439 44
626 422 49
1138 1035 35
635 784 31
456 670 49
762 823 27
237 470 44
1090 384 42
824 348 35
35 123 47
784 404 48
1179 212 36
20 822 43
511 269 47
57 47 48
656 52 49
739 662 52
599 160 38
1143 695 35
603 575 34
404 837 37
1020 51 33
909 155 43
602 1006 43
204 491 35
1172 1038 46
452 990 41
1140 970 32
653 146 51
331 1140 33
391 349 31
709 164 34
645 1015 42
574 224 47
242 478 38
376 108 34
7 942 49
1088 484 44
121 1029 37
535 215 33
957 659 34
74 582 40
22 58 28
73 546 30
1038 757 37
219 533 47
819 524 29
589 86 29
150 725 49
922 1086 48
161 768 31
1076 1070 27
1103 595 40
77 360 45
200 331 47
655 1016 47
616 153 45
1175 146 31
352 116 39
912 866 44
239 212 35
265 961 28
893 698 39
213 445 49
1013 89 46
782 1167 29
1097 1135 42
318 702 33
105 739 31
465 473 35
386 437 32
268 138 48
746 1095 28
356 490 34
580 568 41
1042 837 43
951 355 36
632 202 47
900 257 34
296 804 28
377 327 52
1129 702 52
718 364 35
715 982 29
429 61 31
919 727 36
452 792 35
444 259 49
658 797 40
682 741 35
551 276 47
611 1184 50
548 564 37
150 687 49
400 612 26
341 1001 35
385 218 52
984 55 44
843 434 40
1185 444 48
1149 264 36
493 896 28
301 863 35
113 1185 44
1183 183 50
1149 865 32
1101 1131 38
165 1129 31
1037 556 48
795 735 43
592 404 41
1170 588 43
523 836 26
785 570 50
568 777 43
124 8 46
225 688 50
446 53 46
159 795 45
716 503 38
887 574 32
856 795 50
128 69 50
258 259 46
62 593 44
1105 758 35
170 433 46
482 467 35
404 634 34
1052 329 29
174 584 26
282 788 31
110 452 31
494 609 51
14 1165 47
915 489 31
179 611 40
94 188 27
268 839 38
399 1074 46
953 1099 44
549 893 46
907 336 36
516 1101 49
4 1067 51
669 151 36
12 1051 38
1023 1177 38
958 1185 28
235 927 30
220 664 31
716 234 28
178 715 28
1102 496 49
832 87 27
883 776 30
1142 1080 30
229 627 43
865 908 36
432 133 28
750 628 28
1141 163 50
1092 204 38
1032 460 50
49 104 30
487 435 33
761 387 52
1159 1014 36
770 135 51
411 322 42
1173 338 33
1078 887 46
733 193 41
1085 406 42
367 865 38
860 845 35
735 491 46
690 913 46
874 156 40
530 292 51
850 301 48
1157 61 27
490 879 47
1125 253 44
368 1021 33
315 989 46
57 497 40
158 761 35
100 304 28
97 1184 36
89 1055 50
12 675 45
142 826 36
560 384 29
420 738 40
206 752 32
64 200 49
45 678 38
726 328 33
899 368 35
435 340 41
933 983 35
67 541 34
400 40 26
856 736 42
829 1160 41
716 1023 35
600 629 39
249 856 33
971 78 31
1061 1073 37
139 1018 36
278 944 32
837 381 52
808 74 39
678 548 35
902 1179 26
302 152 31
210 955 33
90 974 47
585 122 42
955 935 40
438 716 39
578 228 27
1180 278 45
471 427 51
947 925 50
194 448 37
838 1089 39
186 605 34
996 386 34
222 116 46
232 477 30
660 599 30
1069 1087 44
494 45 36
48 495 39
494 319 34
524 726 42
499 707 39
159 491 51
185 28 44
215 1164 44
76 4 44
677 283 47
375 1107 38
1113 908 39
864 935 28
1151 1156 38
1100 390 41
1139 873 51
774 229 29
558 1144 42
694 325 37
321 323 35
567 27 37
750 326 50
31 922 27
701 521 31
547 935 37
898 607 45
325 686 41
837 321 29
2 309 49
553 759 38
1009 771 31
545 29 41
374 371 36
468 553 29
234 880 44
92 960 36
1096 251 44
274 1044 41
992 105 41
526 562 28
392 351 28
818 328 39
860 1003 45
34 723 44
18 150 48
75 156 29
310 898 40
91 721 45
332 723 27
1165 240 50
764 199 43
276 572 43
953 295 27
370 140 39
680 736 33
960 902 41
304 903 37
1056 713 46
567 167 33
1070 1058 32
1116 13 51
527 1022 31
558 632 43
1040 351 35
1063 710 30
353 672 44
808 249 51
1171 132 39
913 713 50
489 1148 32
36 930 38
846 800 26
578 759 28
1010 534 50
329 956 31
1043 411 49
41 369 41
475 783 31
700 492 28
126 551 39
155 430 40
467 266 35
994 863 39
1090 560 35
202 1108 40
120 623 45
108 764 35
919 966 32
1150 331 52
1064 466 28
397 711 29
966 1097 42
894 758 33
514 746 44
709 532 48
505 519 26
1078 15 36
1089 1043 32
166 509 47
323 364 33
930 389 42
1184 801 31
718 77 34
1036 750 45
67 14 45
112 189 40
253 313 38
786 410 42
765 596 47
439 1110 34
843 624 47
330 350 48
688 972 37
709 107 31
542 888 42
763 34 40
993 769 38
1020 1099 43
354 747 35
1008 791 41
1053 73 48
52 592 31
652 1002 47
95 243 50
426 822 38
508 220 26
878 1080 31
815 311 40
1070 1111 51
1182 195 39
559 113 39
559 1028 40
33 669 48
681 312 31
9 242 46
115 368 39
5 166 38
1091 580 38
988 100 40
445 1081 50
406 842 46
1023 234 46
181 144 36
690 838 42
214 1051 35
40 612 37
624 315 49
445 371 27
1104 440 35
395 804 46
29 277 32
656 1042 30
981 857 39
480 591 44
822 313 40
830 328 44
543 957 37
11 500 41
718 475 40
277 811 48
1155 672 35
702 526 34
579 902 47
934 943 52
474 3 34
796 1007 41
739 143 30
640 941 28
962 417 27
736 1092 44
958 300 51
583 191 33
265 719 28
1036 468 32
389 180 39
271 431 45
780 1113 31
601 8 51
565 1067 26
732 907 32
1177 1146 38
1025 19 50
959 210 46
71 52 50
496 159 46
1015 182 41
391 752 44
316 379 41
1117 212 30
46 246 43
171 239 36
502 542 50
825 1130 44
641 364 38
296 747 44
416 802 33
241 744 40
353 667 36
1171 586 29
898 861 39
288 766 39
792 165 30
887 1124 34
959 1116 30
84 978 39
159 482 48
574 16 26
82 429 27
238 597 48
64 576 39
252 534 41
222 611 52
979 1029 50
606 189 28
402 465 38
230 915 46
459 1014 48
406 616 50
346 1150 38
259 674 36
961 1147 36
1085 842 45
37 697 40
619 652 39
106 1171 46
999 461 33
648 91 51
846 521 27
425 476 39
448 733 34
15 1124 38
340 85 35
364 475 47
1158 670 35
393 109 26
849 1127 50
256 819 35
289 1017 35
1179 247 35
951 490 36
192 753 43
142 617 44
839 798 42
278 606 46
344 172 30
106 1014 35
1133 302 41
706 975 30
236 538 41
1107 801 45
858 166 43
217 866 50
485 196 50
725 895 32
635 1042 51
749 1011 45
91 1071 37
231 388 26
136 1172 48
95 172 27
168 552 27
399 450 39
853 573 47
438 1165 30
8 693 49
1062 829 47
113 424 32
1181 614 33
848 1099 30
703 507 51
903 489 47
925 550 28
277 599 26
187 42 44
250 344 28
199 790 39
59 713 49
175 609 48
193 657 42
592 837 44
109 645 40
5 858 42
1117 1152 39
427 816 47
337 1118 32
889 377 48
127 14 52
83 815 39
810 1143 29
586 749 46
470 748 39
335 833 45
820 1016 35
805 305 27
666 844 28
599 1141 41
1069 577 42
730 1156 27
181 372 35
306 523 30
64 1150 40
886 569 48
1148 667 43
53 9 48
1058 973 30
437 57 45
881 456 43
403 527 35
1096 374 49
183 29 35
294 806 44
812 751 41
367 780 51
322 413 46
316 191 35
536 962 39
283 550 30
861 127 41
670 327 48
492 991 27
876 1166 43
815 1148 32
824 854 32
568 443 49
164 107 47
215 289 26
131 505 38
618 433 49
394 1094 31
1019 140 51
799 1102 26
297 484 39
167 347 39
963 3 32
674 650 27
678 459 48
699 619 40
743 129 40
896 333 34
67 861 34
824 558 44
644 626 38
506 652 43
949 378 36
683 221 31
1182 760 27
392 682 50
708 971 51
676 931 44
129 504 38
304 915 49
332 34 42
983 324 42
790 688 41
851 980 48
1184 933 45
211 959 37
237 168 27
602 845 30
828 578 39
300 258 50
861 918 34
965 903 49
203 917 38
1148 1054 41
357 479 26
632 1174 50
1147 571 46
1081 602 33
1070 53 36
1152 1064 28
283 156 36
1128 1137 37
1062 1083 42
591 414 51
549 403 38
413 188 48
256 123 48
499 937 27
36 647 43
420 1162 44
790 317 51
817 442 49
454 644 30
286 595 34
439 1062 43
542 1079 37
329 1005 36
1130 447 41
689 374 29
956 879 32
765 236 45
197 227 28
356 262 44
608 1015 33
1084 230 29
1011 952 50
383 886 51
911 1115 46
468 628 41
712 1013 52
836 889 30
663 1131 42
236 820 35
292 1110 29
563 680 29
911 327 45
137 281 50
743 597 39
1065 1064 30
1029 614 27
782 13 44
756 272 30
373 1087 50
1046 421 27
60 771 43
190 379 36
672 121 28
10 399 49
161 447 51
252 1043 33
672 226 37
711 946 51
336 615 33
495 271 49
841 237 47
75 550 52
738 446 42
1090 451 50
227 608 30
221 995 33
629 849 40
623 514 41
128 172 37
157 653 34
1126 167 43
1056 1050 32
234 503 41
520 940 51
305 474 29
491 467 35
131 841 33
1065 423 31
517 639 34
925 428 44
1083 1125 32
897 545 51
941 993 36
202 291 43
282 732 31
942 141 43
515 353 26
512 514 52
22 800 46
378 449 27
585 323 28
491 266 46
379 191 31
472 460 41
893 622 32
457 758 33
696 884 51
531 965 34
928 931 44
1177 35 52
788 1093 28
1099 21 36
355 487 27
338 1040 48
891 869 35
279 585 31
535 408 32
1082 29 37
86 881 48
935 200 40
570 456 42
151 263 45
546 233 47
1033 885 38
393 645 26
461 721 35
853 439 28
395 978 52
255 505 29
307 379 28
1061 828 31
264 620 48
1000 636 40
1096 464 32
937 50 29
799 139 34
17 1081 51
711 101 46
1047 449 42
1058 242 35
545 1082 31
250 647 45
311 667 32
423 909 28
756 573 30
941 401 39
1127 10 47
369 81 41
227 415 44
732 402 32
666 681 38
510 1131 49
969 1057 32
713 1050 39
156 518 49
191 162 29
279 718 33
308 677 37
180 243 45
723 216 48
869 459 52
868 1120 39
727 102 49
23 585 38
431 398 39
918 1008 26
1041 143 30
969 937 42
584 981 42
782 210 35
840 1022 35
459 1159 44
7 510 47
694 1063 37
791 240 45
178 209 35
427 394 34
863 734 52
986 1118 33
45 609 36
884 336 26
1094 197 44
983 801 39
39 288 30
217 267 42
970 932 30
423 155 47
382 569 52
521 715 52
455 501 51
871 57 41
490 1133 48
105 68 31
418 1017 36
937 211 52
62 207 26
143 1038 45
1015 867 38
185 125 49
801 969 26
957 892 45
697 688 33
186 507 34
886 382 43
167 287 39
617 789 33
864 955 52
691 1028 35
273 2 35
836 1158 40
809 1138 48
687 41 38
657 76 52
358 72 30
109 288 33
728 1013 34
45 781 38
1164 432 47
612 1163 48
109 415 33
599 495 39
679 1163 31
625 245 27
108 513 48
936 1085 45
305 754 45
1069 623 27
1114 957 43
166 717 28
543 96 36
522 111 49
1148 311 34
563 799 44
233 150 35
177 679 52
370 920 40
1041 901 42
1106 291 30
883 264 38
544 365 44
423 539 46
1037 458 45
32 1157 52
845 362 43
944 606 35
946 1030 31
570 911 27
272 1024 48
594 1118 45
673 870 30
267 994 44
74 799 38
745 218 26
588 198 30
88 756 40
1011 1170 34
813 860 33
1134 103 46
996 182 39
1129 562 28
742 1107 26
988 1153 40
623 512 48
313 1061 46
345 1132 45
175 869 30
358 413 32
596 963 34
722 741 41
11 395 48
975 886 34
816 1154 48
729 980 44
769 726 45
821 352 39
561 1146 29
431 912 37
936 616 51
1055 589 43
393 227 42
778 549 36
167 1075 48
35 993 52
1098 737 33
863 290 32
1077 529 52
577 863 34
1133 341 44
941 769 29
432 176 38
523 86 30
657 565 28
262 1133 26
154 112 36
733 76 51
81 250 26
216 1144 50
178 22 38
20 829 39
130 235 50
907 31 27
518 24 33
614 665 43
761 508 50
842 337 32
461 648 40
184 318 42
879 341 31
695 1179 49
415 39 50
589 1158 43
724 1058 44
339 727 28
912 575 36
886 130 28
541 918 27
419 581 38
1109 654 47
100 529 44
1089 411 50
1093 732 49
947 283 46
1119 232 43
316 161 27
447 708 28
446 724 52
60 454 39
787 1173 28
612 492 50
638 60 26
441 594 48
688 600 30
188 1090 45
101 147 31
831 816 43
793 967 32
28 843 40
564 132 50
868 586 51
291 847 37
905 152 30
1014 749 33
424 1185 39
975 56 44
748 593 48
823 725 30
1094 587 33
333 828 43
850 1069 33
337 580 44
365 188 35
997 1080 45
197 608 42
874 550 49
307 825 40
1018 856 38
1091 337 37
1111 9 40
432 418 47
328 960 47
848 158 41
317 225 49
413 365 44
183 811 26
261 559 44
295 220 45
1152 921 52
235 859 40
1123 96 27
521 22 26
605 703 37
696 336 45
236 596 27
796 384 41
869 1159 44
415 1015 39
177 807 41
569 859 52
726 830 41
1000 504 26
543 892 29
724 9 43
78 251 31
1164 1145 41
129 498 48
753 884 48
29 599 34
992 290 42
140 790 31
628 1105 52
93 809 46
120 734 42
791 503 44
645 608 37
1116 779 34
693 170 35
449 217 50
681 617 52
297 862 29
720 316 43
448 193 46
713 1043 46
809 887 52
998 967 39
924 83 46
1044 659 40
792 318 30
835 492 38
293 171 34
173 525 28
397 551 39
1040 714 30
412 7 39
751 43 28
908 626 46
953 158 32
394 740 42
495 163 47
1162 294 43
552 748 38
59 1056 34
1006 852 52
284 658 36
699 537 36
325 99 35
640 910 26
133 1017 29
1064 155 50
85 1153 36
85 1084 30
1132 1125 47
1107 324 51
943 181 37
195 1065 35
1051 18 27
900 704 51
15 196 49
619 483 50
539 238 48
527 840 48
253 745 30
473 63 36
463 682 27
69 448 32
366 1001 52
630 952 34
248 7 30
1135 84 37
436 1035 47
1152 1065 27
401 646 47
802 979 39
1063 624 49
793 1074 31
460 186 26
939 735 36
508 455 52
66 414 34
810 960 35
1068 651 43
883 367 51
589 836 49
546 762 33
434 325 51
670 1053 48
28 694 36
125 325 50
251 213 48
207 940 47
840 951 45
1111 478 38
443 66 37
204 631 51
176 396 33
216 558 40
296 274 32
104 281 44
240 880 35
1053 12 47
643 488 49
853 272 43
692 996 33
968 900 42
351 1104 39
955 346 28
171 6 30
1001 905 43
163 949 51
361 21 31
238 613 46
191 768 52
119 70 30
1038 1157 40
1132 1160 43
779 955 46
1088 723 37
559 47 41
424 300 32
952 643 52
1057 499 52
169 195 44
79 205 37
779 64 45
993 910 26
1160 493 51
646 726 37
100 531 41
906 1041 44
104 359 42
736 204 45
1087 512 36
40 700 35
51 953 49
1097 395 50
47 958 40
116 933 35
301 577 38
957 878 52
747 274 43
290 746 52
95 1012 49
96 1142 26
525 424 30
1108 383 46
59 838 47
1140 131 29
83 1148 31
80 206 28
744 217 36
363 280 46
682 619 32
88 439 41
376 764 42
1035 720 39
1026 663 51
451 535 52
560 535 40
473 178 38
806 242 46
463 1060 36
161 80 43
163 271 33
1139 340 26
138 793 47
243 194 31
927 376 43
621 335 36
747 1044 42
770 1055 44
575 866 34
264 638 29
479 462 36
954 846 50
622 698 46
604 1163 35
789 826 32
666 633 51
427 26 41
1016 407 43
1009 472 33
294 1111 42
290 906 46
1154 394 27
436 887 35
802 712 41
359 792 28
214 911 33
1095 906 35
694 832 29
1086 846 45
360 475 32
302 340 32
1178 268 42
1150 246 33
384 535 34
372 1151 28
794 846 37
706 1108 31
794 1086 30
920 199 46
865 620 33
1120 749 51
615 465 26
1183 897 38
273 238 48
42 203 27
201 815 51
183 660 37
348 668 32
734 992 32
49 149 30
440 882 44
503 880 28
624 87 45
349 78 47
223 134 48
926 516 42
562 980 38
1114 1123 39
646 830 42
71 656 27
27 236 44
818 92 28
270 926 38
1184 983 40
1169 85 52
670 12 34
361 848 27
50 959 52
212 169 33
312 943 33
1126 567 50
380 1175 49
170 1138 50
472 929 33
720 196 43
715 471 50
19 156 39
745 385 47
72 188 29
137 110 33
1048 782 52
807 604 44
579 239 26
622 650 36
352 591 27
168 520 45
675 546 35
897 208 44
359 70 45
182 528 40
1018 736 40
899 1112 31
804 1114 31
379 161 47
643 198 51
1156 966 45
1116 210 40
24 1082 45
405 1134 45
529 965 46
846 178 50
597 498 44
945 219 38
692 890 32
768 349 39
70 165 29
28 434 31
1088 824 44
1074 998 44
309 342 50
557 962 29
541 14 46
3 154 26
9 421 44
1142 659 28
698 1052 27
317 42 28
101 1103 38
995 816 48
847 235 44
270 4 49
870 346 49
758 533 52
280 235 32
615 922 42
646 818 33
976 943 36
972 343 33
884 419 34
210 547 33
1012 448 41
354 543 41
239 760 29
19 75 34
26 1072 49
229 755 44
1158 570 48
164 129 42
124 601 43
1098 1118 26
945 1168 36
488 588 42
704 257 45
870 864 41
247 760 46
848 761 40
6 212 49
998 1173 46
1132 298 49
700 991 42
174 981 37
639 813 41
1146 256 45
663 1126 33
469 862 42
833 563 47
285 222 33
286 1030 31
108 199 46
1111 540 31
79 111 35
923 812 35
879 1133 42
1023 791 31
819 646 52
1115 18 50
271 449 34
630 284 44
637 168 42
701 473 52
1130 583 31
596 1180 30
343 203 28
198 153 38
802 1181 30
759 457 37
34 1088 45
23 279 39
504 1100 52
994 512 45
696 581 40
340 1169 33
865 1113 52
967 786 30
729 851 39
708 78 31
275 653 32
859 370 38
758 772 43
581 615 51
468 750 33
321 77 50
640 819 52
466 155 42
444 117 35
338 392 48
1024 829 40
1039 680 42
376 199 33
488 198 43
698 1005 44
1112 115 30
498 636 50
948 602 51
55 370 49
114 212 26
320 823 37
89 770 39
777 480 42
1060 619 34
1178 839 42
792 119 46
755 926 26
483 882 44
261 98 39
37 42 50
689 971 26
211 1128 28
344 1012 46
639 602 34
784 1042 30
855 8 51
737 964 27
942 347 41
932 637 49
407 112 32
500 554 41
1083 829 48
455 877 29
1005 879 44
752 1096 39
753 875 28
1154 587 34
799 1018 39
1050 1089 51
117 549 47
811 495 38
676 157 42
194 172 30
783 428 43
73 775 40
2 342 51
528 437 50
21 295 34
230 1077 32
70 134 31
87 315 35
773 690 39
421 124 43
61 88 48
145 986 38
149 705 29
112 1149 35
530 272 49
659 1080 26
341 1122 51
1032 704 41
472 704 51
76 926 31
1100 542 46
1039 856 37
586 630 27
320 762 40
257 711 38
189 776 27
915 924 40
593 1020 48
990 792 43
490 355 34
642 264 33
814 205 51
839 998 40
218 578 31
638 780 41
246 1021 50
548 868 42
331 46 42
170 887 33
1077 304 28
940 848 27
231 193 36
633 142 40
1022 356 31
1109 1157 48
1028 525 31
605 397 28
938 232 40
470 552 39
1035 485 39
985 136 41
65 1040 43
973 242 36
222 1184 43
295 387 27
964 443 27
266 679 27
479 215 28
251 445 45
798 967 39
859 55 37
484 862 32
829 1132 32
13 210 38
1003 694 35
561 35 39
1049 59 33
710 325 31
428 874 38
867 890 30
1004 451 46
30 663 31
50 13 37
1106 383 35
224 720 50
240 1177 27
114 760 28
536 306 43
342 709 38
531 915 26
349 752 49
1075 347 29
759 330 49
1165 1008 36
25 811 37
87 767 39
833 799 52
348 706 42
145 1091 32
936 406 48
555 618 33
198 1066 32
584 857 44
121 979 52
31 615 34
986 425 27
154 883 34
25 405 26
102 721 36
956 487 28
650 698 38
1050 1043 49
493 1073 35
974 844 38
591 97 30
449 912 43
961 522 33
638 454 39
754 944 32
409 547 45
999 334 42
632 975 28
755 4 47
207 1020 46
600 203 48
522 205 35
324 923 38
540 1046 35
1051 675 52
601 555 40
567 942 43
679 492 32
1180 963 40
603 241 50
453 1036 29
987 703 32
532 129 34
664 763 42
946 276 31
336 31 52
658 936 27
862 558 50
368 1140 42
1113 454 44
1145 67 40
242 1046 49
847 363 42
1079 635 30
442 250 36
901 1109 33
739 985 46
325 624 26
465 922 49
899 115 46
189 1149 35
686 974 43
654 32 39
549 650 26
81 817 45
623 863 43
285 97 46
1033 393 36
576 899 26
396 127 43
1104 537 38
53 724 39
735 482 51
1022 299 43
82 1038 26
831 995 26
939 1092 45
469 558 48
697 187 39
162 768 49
1149 367 48
1144 632 31
573 1031 27
445 17 52
978 747 42
736 939 39
103 1047 40
1176 290 34
125 843 31
1144 202 28
172 231 41
837 279 30
42 972 44
160 48 50
422 460 48
250 95 43
440 619 38
275 157 39
1180 754 33
649 59 42
1017 310 51
452 1 33
801 812 42
409 935 30
115 970 33
1054 353 42
205 571 31
946 286 31
1024 426 36
96 892 48
313 896 39
444 1161 45
56 847 45
1168 661 44
107 1000 52
923 751 34
192 282 42
1118 476 36
524 401 39
18 320 45
255 131 31
239 114 34
90 989 49
501 216 29
327 1051 28
123 941 52
805 474 42
867 766 27
519 62 29
