90 80
14 54 62 70 13 32 78 79 99 39 73 19 83 30 99 49 93 49 40 61 84 99 49 49 10 39 53 73 74 70 24 91 45 21 40 76 92 30 53 12 53 15 80 75 13 93 65 15 60 51 23 92 85 47 54 16 65 11 63 64 12 63 31 78 46 82 94 12 94 89 21 58 97 20 23 81 56 53 12 55
56 54 86 39 27 83 42 33 69 45 84 70 78 12 28 76 80 58 63 60 53 67 40 86 91 31 29 57 46 61 12 91 71 35 68 17 91 75 61 16 62 73 16 94 95 94 39 79 33 13 69 49 20 88 51 18 80 38 60 53 66 21 49 42 22 16 54 27 13 29 94 27 48 66 90 20 71 88 15 55
76 51 22 44 27 36 43 12 67 19 65 78 88 90 23 63 50 24 52 79 69 23 37 65 49 34 40 80 18 92 81 68 38 53 35 98 60 26 50 28 16 63 49 79 30 65 57 92 29 65 43 19 74 33 90 86 33 81 10 48 13 83 76 82 26 24 54 58 28 95 27 44 74 83 16 14 53 88 21 83
60 50 50 28 42 34 17 89 64 52 98 47 46 13 43 98 21 91 87 44 53 41 65 72 32 62 14 55 43 34 32 49 68 84 31 46 53 16 28 67 70 68 52 98 25 49 27 16 99 78 72 92 74 87 25 75 58 16 98 75 34 19 49 23 99 26 54 21 44 28 90 44 36 80 82 93 88 85 64 95
32 50 65 96 29 12 90 25 91 60 99 28 25 83 83 43 38 33 46 34 99 80 15 61 67 37 37 20 26 24 85 48 17 69 65 54 36 54 97 57 56 20 37 68 22 56 47 50 98 42 38 40 10 40 38 79 37 62 67 96 83 94 91 29 49 56 48 45 40 48 18 86 67 81 71 60 29 38 55 57
57 52 44 45 27 97 28 10 37 44 34 11 81 77 62 33 59 55 52 67 73 24 22 98 25 67 25 69 21 77 86 18 20 83 53 27 85 85 29 24 35 90 96 51 31 37 72 37 82 67 65 16 75 68 46 66 33 13 62 43 34 77 55 75 32 39 65 15 59 52 32 38 84 71 63 80 41 36 96 73
34 59 69 61 30 81 55 57 55 74 82 96 36 78 87 99 85 97 53 63 48 36 12 77 55 35 44 98 55 84 46 53 70 88 62 31 12 51 30 15 50 31 20 87 20 66 75 83 60 98 39 89 55 10 62 25 25 29 85 89 56 67 29 70 37 13 55 40 42 89 35 24 65 49 35 14 54 17 39 83
30 91 40 10 36 37 32 68 64 83 46 81 90 79 12 63 89 55 10 42 67 31 83 67 51 25 13 92 40 35 52 94 76 44 67 55 83 55 26 31 80 72 55 60 71 88 51 76 42 93 90 18 21 65 61 46 43 90 44 17 36 70 77 99 24 60 60 24 67 34 54 69 37 76 18 34 34 17 99 79
83 30 52 98 26 57 38 44 93 79 15 97 19 52 39 44 35 92 47 23 84 68 23 11 10 64 81 93 11 44 10 49 12 41 19 12 12 64 11 46 85 37 96 77 43 13 59 41 88 11 87 69 43 69 78 73 77 99 89 37 62 28 92 99 65 31 87 87 41 50 41 20 74 11 33 68 14 86 13 95
99 39 10 86 62 16 74 81 13 58 46 69 33 35 94 40 84 53 64 56 34 74 80 41 67 52 70 60 65 83 78 27 37 76 12 79 49 56 28 96 82 48 16 85 75 10 69 32 27 47 82 53 13 70 65 97 11 22 95 33 40 69 25 37 59 65 85 70 80 71 55 99 77 42 30 93 28 17 83 19
52 42 81 74 60 94 95 13 27 12 88 40 47 37 43 10 17 89 71 39 57 26 45 68 43 17 51 42 64 37 45 12 37 56 15 36 18 34 71 34 55 36 31 21 35 33 83 17 94 47 34 51 21 29 15 91 22 28 63 31 14 47 10 46 48 66 72 51 75 63 86 68 86 57 81 40 76 78 62 18
19 68 76 83 62 53 48 10 47 30 25 48 74 67 53 61 67 76 72 90 58 49 18 45 72 25 24 68 82 95 68 53 46 38 78 99 19 20 37 29 63 10 73 31 53 68 33 54 58 63 38 61 21 81 72 84 48 55 78 74 80 98 18 81 78 51 26 39 12 39 15 38 85 43 16 28 65 69 95 38
31 22 50 92 46 20 27 42 79 12 11 38 18 35 23 37 74 76 86 26 59 40 10 38 73 42 20 16 86 58 47 52 56 46 82 86 29 42 72 73 59 89 51 76 24 96 35 15 23 88 33 48 61 79 61 32 72 10 94 70 54 89 62 97 28 50 17 34 72 25 96 30 78 97 67 95 76 23 50 16
27 18 16 42 32 10 75 16 31 43 79 28 60 55 99 90 74 51 15 24 36 95 41 16 54 71 23 37 71 92 81 96 78 90 47 84 38 23 21 18 48 40 53 60 46 97 29 90 38 10 78 82 46 81 78 89 65 94 53 42 75 49 72 51 55 31 93 94 11 22 74 40 16 11 72 25 62 21 85 64
73 56 26 51 30 92 36 63 28 45 72 37 97 68 64 99 56 27 84 65 60 35 20 24 96 35 38 26 33 51 13 58 65 68 15 61 95 17 48 95 86 43 10 93 71 85 42 56 81 73 42 28 35 56 14 18 94 30 91 35 75 41 88 78 45 27 55 73 70 81 13 78 50 19 68 92 52 65 49 22
82 75 44 73 38 95 87 73 21 35 10 60 86 40 85 20 64 20 94 83 48 16 57 66 63 26 51 58 19 86 88 63 45 32 74 78 18 72 68 24 68 15 57 65 16 30 79 29 73 34 77 67 65 22 53 70 59 44 65 14 25 14 17 15 66 65 22 56 99 51 46 61 35 55 34 31 92 54 47 98
73 26 64 64 87 97 35 94 34 10 30 26 86 29 11 70 33 91 84 37 39 82 30 62 13 26 77 37 36 30 98 92 70 88 43 44 35 10 97 55 66 16 31 71 24 68 29 85 74 93 68 51 91 24 96 28 23 17 93 69 87 97 68 77 26 45 30 84 75 17 87 74 93 87 91 30 52 17 45 44
75 14 44 63 51 93 83 68 45 69 40 81 11 39 82 10 80 37 87 53 41 79 85 55 61 33 30 73 38 75 26 38 32 49 48 98 41 60 60 83 14 45 90 54 16 62 71 12 97 75 67 41 83 54 64 95 60 51 81 38 16 32 44 76 49 59 19 86 56 97 33 47 49 10 87 66 22 36 50 98
88 13 78 90 51 69 84 34 91 63 13 59 13 32 29 50 73 83 23 97 76 61 88 30 76 31 63 43 45 15 34 95 14 80 92 76 76 18 10 16 44 72 36 61 75 95 56 70 89 69 56 34 27 70 20 45 68 19 29 94 46 13 95 92 59 81 73 92 91 69 57 52 19 58 89 12 16 43 84 77
46 34 85 53 18 14 67 17 24 10 82 28 64 40 38 67 78 51 26 36 94 70 39 55 51 54 96 92 63 56 63 58 62 30 76 78 77 89 30 10 25 33 38 49 57 94 18 71 41 13 51 92 91 93 17 61 37 23 30 71 92 54 83 41 21 18 44 46 48 63 38 84 91 80 90 73 31 87 28 27
97 58 71 88 22 12 99 13 49 66 85 23 63 93 92 53 41 46 88 80 67 70 74 84 53 94 59 99 76 77 91 67 71 11 43 60 25 87 79 20 60 20 91 70 34 89 35 53 15 45 92 72 34 98 65 39 84 65 87 56 46 60 67 52 97 81 71 48 77 62 14 66 15 82 21 52 97 79 11 69
74 33 86 50 49 73 31 10 22 90 17 40 58 93 83 34 15 67 42 28 11 77 87 46 95 13 21 38 39 27 56 15 84 51 19 83 18 81 83 75 64 64 89 23 68 66 63 90 93 10 82 27 19 48 14 86 75 23 87 65 63 48 10 78 36 39 73 57 62 58 20 42 71 12 66 32 31 42 17 31
27 79 70 54 76 65 86 86 13 13 57 50 45 64 72 93 85 92 75 99 41 88 68 90 31 28 69 61 45 75 17 80 94 22 39 81 97 30 50 44 28 89 41 32 21 58 88 94 46 55 16 88 39 28 76 48 67 50 71 56 96 14 66 94 19 14 13 23 99 19 71 68 36 84 91 48 45 34 63 48
70 43 71 29 34 13 78 38 62 51 42 44 75 21 52 63 67 95 46 92 19 40 30 98 48 38 87 50 81 63 12 25 33 11 61 19 42 25 85 54 14 86 79 33 92 56 63 25 51 28 24 26 24 42 32 93 57 70 32 61 86 46 77 50 91 36 22 91 62 67 29 96 66 30 56 27 29 87 67 78
31 31 56 29 13 15 27 66 13 18 70 75 57 69 97 30 53 69 43 36 45 31 21 22 89 44 83 52 34 99 68 17 37 35 22 22 96 11 48 92 93 35 99 96 94 50 79 17 33 45 38 49 66 51 27 48 44 98 92 24 66 71 11 34 57 51 40 60 49 18 78 11 82 87 38 87 33 37 84 34
67 21 57 47 77 99 12 29 17 26 71 57 47 59 90 10 45 40 34 55 22 29 19 37 25 55 17 15 10 28 77 67 33 77 66 50 38 62 30 62 27 65 35 84 33 25 62 88 71 17 74 49 48 93 83 96 76 86 81 38 11 33 17 60 24 88 43 87 74 70 29 95 67 45 54 31 97 76 98 18
11 77 91 67 43 34 45 41 78 17 72 12 31 56 32 84 37 92 69 17 39 82 93 49 17 35 60 58 55 41 27 24 56 83 67 84 43 16 25 21 40 39 38 96 72 22 25 18 93 70 58 37 50 28 36 73 28 17 95 94 13 98 46 89 42 38 68 42 19 23 81 57 62 49 25 38 62 48 95 21
90 80 36 73 77 44 91 54 33 36 25 53 69 93 27 46 63 15 22 95 29 29 29 65 47 20 64 52 42 88 99 69 43 45 87 99 38 95 42 49 90 14 27 23 84 52 87 57 86 13 19 65 17 72 47 29 64 16 91 69 36 11 62 28 15 70 18 59 11 17 24 51 60 86 21 64 91 44 72 61
14 77 94 97 74 62 13 25 29 73 75 60 36 52 94 57 80 20 53 73 84 59 90 19 88 32 21 12 24 43 90 88 78 60 35 38 52 66 34 95 57 48 28 89 61 43 84 11 81 25 37 28 52 39 47 33 94 40 29 19 29 74 77 69 58 79 96 24 85 19 92 91 51 45 96 56 17 55 27 94
41 61 15 20 36 99 19 65 79 58 61 58 42 55 95 51 29 42 85 65 87 73 90 74 75 40 80 59 52 14 92 71 56 87 16 64 50 21 59 56 34 42 53 21 29 37 47 46 70 20 54 95 65 55 81 68 36 64 32 39 55 80 20 67 59 66 49 54 68 24 46 49 73 19 98 24 56 68 61 87
15 11 28 77 85 50 39 80 35 65 61 55 28 51 48 43 81 58 14 22 90 34 15 65 91 40 73 79 88 44 49 44 15 11 62 60 15 22 97 47 62 58 77 15 19 99 42 76 88 31 46 19 26 40 95 96 79 74 55 37 70 65 65 17 43 39 56 60 12 92 90 27 62 48 88 19 23 61 55 62
69 38 65 95 71 99 27 12 91 80 75 73 58 81 12 53 66 51 79 24 28 62 31 33 60 14 72 24 46 47 60 43 51 68 33 85 45 39 34 68 20 21 84 91 74 82 10 85 34 71 84 68 73 80 99 20 49 40 80 37 46 31 72 11 52 70 86 92 93 17 20 93 45 70 61 74 96 88 24 86
57 10 53 66 62 10 69 94 38 28 98 32 34 63 50 27 89 20 35 69 93 28 92 51 99 34 92 74 94 46 97 90 58 87 49 13 59 86 22 53 85 27 21 41 38 56 94 95 67 57 46 23 69 80 31 22 99 31 37 71 31 49 36 25 35 19 95 77 42 24 82 12 22 88 50 70 64 42 43 46
26 37 36 81 66 67 15 55 21 16 26 38 72 20 30 38 98 63 29 65 38 38 14 44 18 80 60 72 82 14 62 12 19 13 48 49 20 91 25 19 65 68 81 89 13 56 63 36 11 74 19 26 25 82 93 13 80 90 25 50 42 49 64 58 67 81 67 39 89 52 89 31 40 74 69 83 46 52 36 26
67 93 59 57 33 58 85 43 57 12 10 98 79 84 42 43 91 58 24 43 27 78 97 73 33 42 56 93 87 94 86 22 99 74 83 13 17 84 59 43 49 74 89 22 16 45 44 19 58 65 85 43 18 49 20 15 75 41 10 90 20 99 54 50 76 41 54 59 81 50 89 62 21 57 86 21 51 60 45 19
52 19 99 55 23 42 55 58 57 47 63 13 88 47 37 75 24 39 26 10 33 16 96 74 64 34 33 68 12 68 98 81 21 72 84 59 95 20 22 35 41 97 83 11 57 95 91 64 76 50 59 47 96 89 90 68 26 62 86 72 43 34 58 29 96 92 20 38 22 69 95 64 69 38 61 86 57 21 88 41
71 58 21 27 46 51 13 89 10 63 44 52 74 48 62 92 62 28 20 74 42 88 54 21 96 15 41 98 41 70 96 94 13 22 29 26 55 59 18 25 55 94 85 35 60 29 11 35 68 77 92 23 19 21 76 30 94 75 39 19 77 85 17 28 51 46 67 83 31 85 95 36 26 86 33 75 46 10 87 17
71 29 49 10 41 64 74 19 43 14 61 83 64 82 73 36 66 69 67 53 86 98 46 47 33 48 84 91 54 75 83 54 13 43 98 29 71 44 32 84 41 11 85 26 58 77 57 64 21 22 69 59 31 32 82 77 35 94 40 39 24 78 32 18 53 51 80 36 40 33 38 28 31 32 49 12 13 38 15 33
10 68 37 88 99 64 18 16 73 78 20 45 78 63 43 23 41 71 16 23 25 92 76 84 20 48 45 94 31 63 52 16 87 36 77 47 24 41 12 63 81 51 30 35 80 80 67 49 98 15 84 92 26 69 91 66 59 14 14 16 98 46 59 49 32 83 47 59 24 35 16 39 53 66 72 88 87 43 64 32
89 17 27 93 66 50 72 52 80 31 66 86 55 95 61 62 24 62 84 35 59 14 47 10 38 94 50 39 25 10 47 27 58 74 100 97 12 29 25 92 18 61 35 63 69 23 21 18 33 28 20 72 89 82 13 54 64 38 68 52 48 96 63 36 12 10 42 28 46 90 68 64 66 35 74 39 60 81 72 82
25 66 23 18 27 49 17 84 37 41 10 86 37 48 33 60 50 91 38 96 34 91 52 14 74 82 42 70 59 13 76 88 49 35 66 45 75 86 56 73 43 68 94 95 38 16 16 40 73 22 55 31 89 92 71 71 75 71 31 52 57 72 56 59 64 78 37 28 65 46 12 95 22 11 25 97 15 83 11 30
91 99 98 70 85 77 62 28 50 36 20 71 89 98 27 98 69 78 81 32 66 79 80 67 78 42 47 73 21 43 54 56 43 62 15 70 44 51 72 25 57 37 53 79 79 78 35 33 20 92 95 45 81 83 81 98 90 78 52 33 82 49 10 89 74 42 84 53 26 28 39 94 31 13 19 40 61 32 46 52
26 60 43 94 18 60 42 28 87 25 39 44 96 89 24 68 68 28 69 78 67 71 62 82 23 95 96 36 25 75 87 60 90 65 25 63 42 63 95 55 13 72 60 10 14 34 98 38 98 97 28 33 72 10 32 46 15 20 21 67 44 65 18 78 50 75 44 16 24 18 31 52 83 95 91 37 88 72 95 77
61 36 16 90 78 32 56 17 52 15 43 57 55 38 96 18 35 82 70 52 95 78 54 80 97 69 92 54 74 99 21 35 31 44 63 28 20 67 14 33 39 24 58 18 95 64 72 87 46 39 63 77 43 63 31 35 88 64 71 80 61 69 25 47 43 20 93 35 44 46 98 90 15 91 34 59 44 23 82 71
94 98 91 37 40 90 40 71 63 35 88 21 61 36 31 34 84 56 52 74 18 50 59 21 42 35 48 94 23 61 95 53 65 79 40 29 58 93 91 40 38 41 45 39 50 70 35 48 63 13 72 60 84 71 27 75 25 61 16 68 95 76 62 10 91 59 66 72 56 66 14 44 20 49 59 37 91 29 16 65
18 87 77 25 51 28 86 72 37 34 30 39 24 64 38 12 13 93 50 84 96 41 78 16 36 20 62 77 52 97 28 83 65 67 64 31 82 20 50 50 66 78 38 67 10 67 24 89 88 22 60 39 88 50 27 66 51 35 60 80 77 36 72 32 48 27 77 28 80 11 57 86 67 84 60 39 17 35 21 52
55 57 35 37 81 15 92 83 62 77 17 80 22 80 64 60 44 98 74 13 21 17 80 73 50 60 84 51 11 76 82 48 45 57 16 19 79 72 70 95 33 74 61 63 95 14 24 72 39 12 60 42 95 71 37 98 82 96 86 80 65 47 41 97 96 71 10 72 42 99 10 53 50 84 65 10 85 98 99 63
15 22 42 49 32 98 28 51 88 77 13 44 57 88 97 52 97 91 65 76 56 94 31 83 56 39 61 16 67 29 31 67 25 38 76 52 69 22 73 76 93 99 20 27 84 32 23 27 17 36 31 58 40 65 47 71 76 19 71 93 85 55 89 24 84 81 79 57 26 53 30 36 72 46 58 40 42 51 35 93
72 98 70 78 76 37 11 99 61 16 43 97 31 39 15 60 95 42 35 32 43 93 28 84 61 89 86 70 89 56 34 25 31 30 16 46 58 64 90 49 82 33 63 93 23 95 74 21 55 88 24 62 27 79 79 64 59 61 55 29 88 67 66 37 93 51 71 85 69 29 81 43 73 28 82 53 73 88 19 69
96 50 47 39 64 77 40 64 32 57 32 63 81 37 81 80 84 45 67 85 11 52 69 52 71 20 64 77 46 83 16 39 92 45 48 83 10 66 76 38 63 96 13 21 60 61 54 14 79 11 70 93 91 80 56 19 24 81 43 60 23 78 76 57 68 76 88 95 14 98 94 40 59 59 64 31 93 47 68 25
39 35 49 55 71 97 99 65 11 10 25 67 50 95 98 24 13 27 20 47 68 26 53 88 92 49 47 44 61 71 95 11 54 45 36 85 53 96 71 58 93 82 80 92 52 75 53 33 98 95 60 71 20 28 25 65 27 86 23 61 14 47 52 10 61 92 47 78 46 26 55 84 86 50 77 61 14 55 50 84
78 60 34 43 69 42 39 64 39 23 56 91 72 67 42 84 87 25 43 86 77 27 92 39 92 17 82 73 85 56 98 50 81 55 57 89 69 44 64 49 95 96 69 69 88 100 41 70 51 71 92 76 65 11 86 80 11 48 17 50 81 19 15 50 68 47 57 31 40 14 45 98 93 84 29 62 74 93 71 97
93 61 94 19 21 50 74 36 89 28 62 18 34 58 94 54 32 65 40 88 70 82 97 47 98 83 79 97 50 20 10 19 58 96 53 29 50 88 65 48 41 50 39 85 42 19 78 12 39 19 20 80 83 62 33 96 37 24 58 49 58 75 54 18 47 15 49 62 85 47 54 66 62 97 66 55 84 47 24 93
27 18 83 87 98 62 39 95 92 59 24 89 45 66 51 82 86 23 24 48 16 25 98 96 53 26 59 29 60 76 45 26 97 31 71 38 56 80 34 57 70 62 88 83 44 28 24 13 62 89 30 86 73 10 13 76 20 60 17 30 12 99 11 43 53 81 51 77 57 50 63 39 62 18 72 44 66 37 58 69
41 35 92 39 77 24 38 90 42 85 26 75 91 28 95 66 23 19 83 44 71 20 24 51 42 27 66 56 21 28 73 33 10 58 40 49 64 96 20 26 34 51 40 29 71 56 28 38 14 66 43 22 78 56 21 47 11 83 74 85 29 43 87 53 16 76 12 64 29 71 26 59 11 41 32 38 38 49 65 42
23 17 29 64 65 37 27 54 42 71 69 26 14 91 15 98 44 18 50 33 66 65 83 49 59 27 34 72 31 75 55 42 97 13 93 82 96 95 56 71 22 22 59 62 53 96 71 25 71 15 26 14 51 77 90 47 58 30 40 60 52 15 71 11 11 37 90 86 55 17 23 91 35 60 59 47 75 88 80 14
99 53 11 17 75 59 70 90 30 17 52 70 93 55 95 36 51 96 30 87 49 74 51 74 53 67 50 21 41 41 67 18 57 41 83 58 46 47 69 82 84 98 34 86 17 56 26 47 68 33 56 66 40 82 82 42 50 40 85 65 65 73 58 62 39 77 48 89 22 62 24 40 18 20 34 81 90 90 65 10
36 91 21 95 36 18 49 40 87 51 85 43 87 70 96 78 20 83 64 93 53 92 74 79 88 21 82 19 88 29 31 48 65 59 42 46 27 51 96 49 48 76 66 69 33 12 62 72 91 30 29 82 39 14 63 99 97 30 61 44 50 97 29 26 94 25 18 72 84 17 61 81 35 36 69 68 62 13 95 45
28 63 24 40 45 28 92 78 92 80 59 18 56 69 49 92 44 56 58 23 73 76 58 46 85 21 72 33 72 15 36 24 34 17 63 91 64 94 51 33 45 14 78 91 12 23 46 43 17 54 92 25 26 44 49 81 37 98 31 64 33 78 16 59 24 79 18 60 27 84 48 19 61 65 88 79 74 48 49 64
82 74 92 51 16 13 83 79 74 51 35 37 10 16 58 60 29 72 31 43 45 56 69 80 11 68 81 91 28 16 37 13 78 12 78 90 79 57 26 63 28 87 50 63 61 17 70 32 13 37 76 43 44 22 38 96 64 68 68 99 77 25 61 20 98 97 86 76 79 94 83 67 32 24 29 38 28 70 41 60
53 92 52 82 36 98 70 74 77 67 71 31 96 29 81 46 82 56 59 17 23 56 71 87 95 69 89 88 27 59 44 67 66 48 51 98 39 27 81 19 12 64 86 30 81 55 92 54 23 74 27 13 18 73 36 92 55 75 60 38 51 27 25 27 22 13 15 32 66 55 22 21 48 81 75 66 38 29 59 54
92 48 38 37 69 24 30 29 93 13 10 83 52 85 87 42 98 32 24 98 13 61 20 97 13 83 14 55 37 88 71 41 47 47 34 36 52 27 10 16 76 70 52 57 80 31 20 97 57 71 54 96 41 59 81 18 82 10 36 94 42 73 85 58 47 10 27 12 54 35 24 31 67 33 74 14 24 62 88 19
65 99 95 54 78 67 35 66 14 41 19 78 48 22 76 15 11 10 96 33 53 80 93 18 62 19 46 87 70 75 36 67 61 52 86 22 90 44 73 17 53 94 13 13 32 43 55 86 12 30 45 48 28 47 96 90 33 83 50 88 17 46 77 73 86 81 43 48 98 50 75 44 74 14 36 23 52 22 90 72
46 83 10 88 67 10 94 72 41 78 58 44 71 69 95 43 84 68 94 69 66 58 88 84 42 77 60 15 82 33 16 62 93 62 87 29 62 81 59 64 90 66 84 19 92 94 42 79 42 82 21 13 92 93 53 11 32 78 20 80 48 66 18 50 54 77 18 73 90 36 44 52 14 62 50 95 66 61 60 38
51 24 10 72 49 75 49 54 74 38 74 84 64 45 36 45 80 66 54 90 43 27 28 16 67 92 49 37 95 10 56 89 90 13 72 49 13 32 90 76 57 60 34 61 67 92 43 75 10 78 19 19 77 27 56 90 10 19 99 26 64 81 15 13 31 70 73 42 40 40 47 63 54 27 66 70 51 77 22 54
95 63 29 83 82 72 15 14 14 55 86 58 68 75 97 23 48 60 13 17 73 17 89 51 67 68 92 65 88 55 54 64 63 26 76 62 29 76 61 30 76 27 83 13 37 91 94 75 77 86 10 82 36 11 99 37 85 28 46 14 87 91 38 97 63 66 96 30 90 31 71 56 28 37 90 52 12 25 64 55
59 29 58 67 43 82 20 86 39 66 23 84 60 59 91 61 26 31 31 12 39 26 48 31 71 58 47 51 64 78 50 47 82 80 46 42 37 29 35 80 29 91 57 74 77 66 70 38 14 62 95 72 85 59 79 72 18 96 67 69 36 17 37 70 70 21 18 57 46 51 70 48 98 57 42 94 39 57 51 90
58 51 25 14 42 66 97 91 32 92 63 94 92 22 81 81 48 61 46 55 82 36 50 81 41 81 54 10 24 22 11 61 73 51 51 10 98 45 47 58 27 91 46 98 28 74 92 21 59 56 84 13 73 21 70 75 82 13 97 32 73 24 79 54 87 83 93 12 20 98 78 42 33 28 97 66 78 11 21 28
64 71 26 30 70 71 59 72 34 22 26 81 22 29 83 33 45 42 42 72 24 44 38 78 62 94 10 73 69 89 48 86 48 32 49 77 32 72 18 49 50 90 37 72 18 35 60 99 92 67 34 96 44 49 20 73 96 78 48 61 70 92 60 27 29 14 38 97 60 87 77 61 28 72 54 79 86 36 16 81
72 34 15 84 63 92 63 55 97 57 34 76 36 50 40 95 31 53 77 94 44 24 65 86 63 65 43 52 17 82 90 81 22 33 27 74 95 66 79 38 29 91 69 87 83 83 80 30 13 56 13 23 43 61 51 10 26 28 48 26 25 34 86 63 47 77 98 56 82 11 53 13 15 90 93 76 48 81 47 83
55 17 79 56 22 93 18 98 42 65 51 48 20 79 56 94 59 66 64 30 66 58 34 81 33 75 89 23 84 78 18 20 79 31 99 49 89 22 87 69 21 82 59 26 57 44 95 11 43 58 31 19 74 94 63 66 51 14 67 61 45 60 60 48 25 23 50 95 28 83 69 35 92 50 78 46 80 20 73 40
96 36 58 75 89 99 77 76 84 13 29 39 11 59 86 52 98 62 53 22 61 88 82 69 70 36 62 14 95 55 33 50 89 50 35 28 54 67 67 14 27 21 55 31 66 75 51 58 15 15 84 35 68 59 61 98 27 43 19 51 30 25 73 21 12 49 94 37 53 16 24 61 93 80 99 31 46 88 26 63
29 13 13 22 16 38 53 96 52 18 69 28 33 80 21 44 68 49 73 69 85 14 90 14 35 65 31 97 60 26 23 21 96 59 66 95 73 31 20 34 10 57 99 95 41 89 60 46 40 68 58 72 67 90 66 41 87 93 60 78 54 28 77 11 77 25 97 51 42 45 43 16 59 80 39 66 53 26 18 79
98 89 78 46 83 33 77 46 93 71 58 33 25 70 13 62 87 58 13 23 43 72 74 20 72 50 71 82 67 18 30 18 93 40 39 65 67 13 26 56 70 50 89 42 31 61 53 71 12 80 18 49 52 29 79 86 34 40 75 44 39 18 74 21 97 16 99 84 97 63 72 86 45 17 66 74 46 42 10 83
73 90 72 53 70 48 79 42 55 11 88 88 27 48 97 77 59 79 42 18 79 42 39 82 37 61 26 29 47 21 16 40 33 92 75 98 79 81 43 38 70 63 72 96 67 77 20 27 21 11 16 99 80 16 96 58 69 43 31 31 64 27 77 72 28 27 96 86 73 31 57 63 54 85 18 92 26 56 61 77
31 33 38 65 19 60 40 56 33 86 34 25 63 25 64 95 65 71 57 80 36 42 47 30 14 82 83 53 21 77 33 31 11 61 44 95 26 48 88 72 20 43 89 83 82 45 42 28 37 89 38 50 39 45 71 60 42 81 45 80 47 12 77 54 32 74 46 62 45 51 63 18 96 45 54 62 19 81 21 31
74 85 67 74 94 55 14 37 11 50 56 35 59 61 78 31 23 52 40 92 86 79 89 29 70 99 16 90 33 25 21 65 37 12 28 69 13 66 27 39 16 97 73 50 82 66 61 44 63 97 78 85 43 49 45 92 87 36 75 33 25 25 14 17 15 43 96 63 46 99 66 24 35 23 18 81 63 17 61 23
78 60 95 11 27 81 54 37 89 82 51 90 55 29 33 33 38 79 56 69 72 75 99 85 86 89 13 11 64 74 41 79 84 87 90 97 34 77 91 44 72 56 80 12 41 47 25 75 15 87 88 34 34 22 14 69 82 14 24 49 36 45 69 17 10 13 35 36 59 82 25 59 84 18 34 47 21 26 52 42
15 92 59 40 68 60 36 45 85 69 53 77 44 58 50 84 18 76 51 20 76 33 96 62 75 61 35 73 75 87 60 77 81 99 91 17 70 28 66 27 47 55 14 12 34 94 25 74 22 53 21 95 21 25 93 53 81 85 67 77 84 20 57 34 56 99 95 28 26 27 100 73 96 13 20 44 80 24 96 89
90 58 35 66 16 97 23 71 70 69 75 79 61 46 50 94 36 39 41 45 47 79 22 23 38 83 17 81 98 96 12 12 26 60 58 23 91 66 35 51 38 60 63 56 57 74 68 87 11 85 18 36 57 58 63 85 67 43 13 22 39 69 79 16 16 68 69 48 43 58 92 95 69 73 71 64 56 72 43 66
30 68 31 38 22 96 57 19 73 82 82 99 27 71 35 78 18 93 50 97 91 66 98 75 67 59 71 29 20 39 81 66 32 12 72 29 72 20 55 12 38 26 24 67 34 90 10 42 18 34 91 86 23 42 20 58 46 91 88 82 79 49 99 21 96 50 13 56 48 13 76 78 75 92 36 12 49 65 88 70
56 64 65 23 57 90 34 39 56 16 46 93 54 46 93 64 21 72 33 90 96 73 74 46 66 66 12 64 12 84 82 20 12 64 39 96 99 13 40 89 76 45 51 81 98 96 98 71 11 77 80 85 62 91 18 43 83 65 86 22 67 50 14 75 22 31 29 94 61 69 82 38 13 85 31 27 36 87 13 56
56 91 38 73 57 99 30 59 39 65 16 11 52 83 59 35 96 12 26 92 48 21 24 24 22 65 64 35 96 27 64 80 21 32 19 74 17 33 58 97 75 81 40 85 78 17 16 96 16 60 38 11 66 74 63 64 75 94 29 55 22 60 42 88 65 65 43 85 74 93 42 60 69 77 52 14 98 22 14 70
26 24 34 38 70 86 19 13 74 74 89 15 14 52 70 61 43 74 14 79 53 59 52 18 98 89 31 39 96 36 76 12 31 96 88 16 38 55 63 61 23 50 60 26 78 51 75 39 24 17 83 48 56 85 29 55 49 61 13 26 33 85 72 26 71 79 13 63 12 79 58 44 19 24 56 83 71 23 78 56
34 43 66 48 11 35 83 44 99 13 40 90 82 54 39 19 58 79 58 25 89 14 91 33 37 41 28 56 70 60 14 79 56 15 74 75 51 95 17 48 87 94 61 97 84 27 62 25 29 55 29 47 99 12 53 13 92 15 72 11 25 48 24 39 53 11 12 36 44 31 52 51 87 45 75 61 88 45 30 77
95 65 84 36 62 89 60 47 77 25 23 20 72 25 92 41 63 71 39 60 90 63 57 41 11 41 14 27 99 78 98 46 72 60 10 38 66 89 83 81 68 62 60 32 31 86 97 27 37 74 15 17 50 31 43 59 82 87 83 24 10 58 30 52 29 81 43 23 33 96 97 73 31 39 54 15 96 39 76 77
90 54 66 73 76 91 94 58 15 64 22 12 27 80 49 28 59 85 25 54 30 33 72 98 71 98 86 66 24 81 31 40 46 49 74 79 92 25 37 80 19 58 59 45 44 90 75 38 99 89 76 87 94 27 25 91 75 11 47 34 47 37 21 73 54 38 53 52 62 63 31 20 81 60 69 82 95 56 34 96
58 98 24 60 85 84 14 72 62 33 69 43 55 11 24 26 99 61 53 36 24 82 90 45 47 58 52 91 34 68 52 51 84 53 67 40 49 13 18 19 91 11 79 46 91 12 16 19 55 39 78 93 26 28 37 75 61 87 85 73 86 25 95 76 65 27 93 80 40 74 81 62 92 55 71 89 79 68 30 51
25 78 44 77 56 28 88 86 96 31 51 88 74 28 16 18 74 29 85 20 86 76 95 65 86 99 37 56 68 56 65 95 86 91 34 69 81 60 88 89 78 19 50 72 19 27 23 51 23 94 65 60 74 11 27 54 36 20 51 38 96 59 63 81 70 32 82 40 76 49 43 21 85 32 34 40 49 33 73 53
78 37 75 35 58 48 97 38 26 91 51 63 85 16 60 26 58 58 16 28 64 47 33 26 29 95 28 14 12 15 35 70 93 78 10 17 32 91 14 80 85 97 34 43 13 61 48 33 61 44 19 79 25 84 64 43 71 55 10 19 56 68 73 46 55 12 29 56 93 34 42 58 65 22 10 49 22 74 50 98
