150 170
12 64 46 23 53 85 44 26 52 67 68 30 13 27 49 13 44 16 12 39 71 32 80 70 43 48 34 71 11 97 87 88 62 89 67 40 95 47 40 48 70 65 17 38 74 79 28 53 27 74 98 75 79 76 98 60 97 88 38 15 75 81 92 48 73 71 95 39 88 41 65 46 49 95 68 84 22 92 54 29 82 87 55 31 39 22 52 79 65 43 88 99 19 47 98 42 26 82 60 46 90 34 84 74 95 69 29 26 10 49 84 58 96 52 99 74 89 88 47 94 39 71 89 29 38 70 17 64 63 93 46 85 75 40 41 27 30 97 22 43 23 97 74 21 79 29 72 74 58 71 80 56 85 80 84 61 93 69 16 45 23 55 73 60 98 31 69 41 30 40
61 86 69 86 61 91 95 16 67 27 10 31 23 26 55 39 46 21 69 64 83 61 40 34 44 85 61 69 13 97 43 57 50 93 94 20 95 65 94 37 48 85 62 39 73 49 93 19 63 86 43 40 52 46 17 22 83 34 17 57 53 34 40 62 34 27 18 95 41 30 76 86 95 30 43 12 23 66 68 70 24 94 58 56 15 65 56 48 14 75 58 10 16 27 75 81 84 27 78 71 14 13 57 51 47 23 89 92 57 25 94 88 34 52 41 80 58 62 68 66 80 44 63 97 47 38 26 50 55 89 55 88 95 27 54 12 22 79 31 64 96 86 43 58 23 72 40 69 79 27 16 10 31 17 49 86 64 21 17 24 31 56 59 67 56 57 57 16 92 90
70 67 49 95 83 84 31 99 56 29 72 93 36 70 15 30 96 37 90 47 76 74 56 32 42 96 32 37 14 36 53 13 57 93 16 77 16 93 10 57 56 85 42 39 82 70 33 91 27 96 26 37 43 74 44 87 21 78 94 74 92 49 76 51 45 86 38 78 95 66 88 18 54 52 36 66 45 90 97 29 13 63 69 26 55 90 88 82 90 18 36 32 90 78 49 10 91 47 56 87 82 97 98 89 85 33 79 53 70 48 71 52 99 40 41 69 72 75 63 83 10 14 89 23 90 40 38 17 55 67 40 91 93 10 73 56 53 31 22 19 53 10 82 93 16 16 12 48 84 45 64 81 52 19 64 68 79 85 74 32 56 28 15 70 44 79 63 20 13 43
49 25 61 42 18 33 13 67 80 25 23 58 33 96 52 90 56 71 23 96 35 67 39 39 84 41 79 73 87 19 47 74 34 91 36 94 43 28 19 56 24 65 53 39 70 24 65 99 13 30 12 35 25 60 61 80 24 37 91 88 58 25 47 97 93 54 19 86 61 40 56 44 18 31 19 23 41 15 66 58 81 74 73 90 47 68 33 11 19 99 98 68 27 80 88 10 43 80 22 85 89 79 57 49 82 58 33 12 36 17 70 16 17 68 26 34 69 91 11 92 37 70 77 93 44 49 86 73 50 94 94 11 75 18 97 24 15 56 91 38 44 11 80 30 35 15 76 43 51 48 38 11 78 27 69 39 45 52 76 21 30 44 26 88 91 10 80 49 70 68
21 18 18 99 93 22 45 56 20 86 16 35 37 72 71 79 27 52 66 24 82 86 86 21 26 19 32 75 57 12 88 82 59 57 44 42 82 64 63 76 29 69 86 76 61 14 92 21 96 71 82 81 86 65 15 23 26 99 16 91 82 69 37 79 98 71 14 76 99 47 98 98 32 52 97 10 15 58 33 46 40 62 95 25 64 95 29 11 33 64 58 83 21 66 70 93 20 32 56 41 73 48 65 94 87 88 66 57 26 19 41 57 66 93 75 23 53 18 75 37 87 86 68 20 65 11 42 33 17 91 18 20 69 78 13 52 31 30 47 34 42 65 49 13 70 68 23 75 53 79 60 42 66 11 68 14 39 19 29 68 91 94 21 55 31 23 62 49 12 74
48 99 98 42 48 45 52 32 29 22 69 86 31 39 64 18 54 28 99 43 12 57 18 51 47 97 88 39 19 39 56 24 90 44 29 95 57 17 59 58 91 38 70 87 27 95 57 62 76 65 42 78 18 51 95 91 52 76 82 61 97 78 93 55 67 79 72 68 24 52 67 42 96 38 63 87 24 39 81 83 83 41 43 12 22 89 26 36 33 17 93 66 90 42 31 43 79 75 16 68 40 52 11 79 54 62 64 37 74 34 26 75 62 41 49 37 24 10 56 23 52 46 60 28 45 14 11 65 72 52 41 30 68 17 38 17 77 92 96 94 16 37 11 15 55 69 11 65 28 99 10 15 19 27 98 39 91 78 55 97 25 93 86 96 76 46 33 86 34 68
26 88 49 86 20 74 77 100 78 17 63 33 31 53 91 74 93 39 39 58 47 15 76 39 44 39 50 56 63 89 87 24 59 61 52 51 67 68 79 62 68 18 93 32 52 64 82 79 63 18 31 23 68 44 45 12 68 53 69 88 48 27 50 54 44 55 60 57 43 63 80 82 16 53 34 35 73 75 94 38 38 50 27 18 27 27 29 70 89 45 99 41 15 64 13 12 20 48 59 68 45 11 18 28 84 33 96 52 61 62 98 93 87 70 79 10 26 62 66 93 51 59 20 20 24 50 17 10 52 82 42 76 23 57 31 58 88 18 30 38 20 79 60 38 23 61 26 84 16 67 76 23 69 56 34 54 67 98 79 58 52 74 72 28 42 20 53 44 78 34
33 15 64 73 38 23 72 98 72 73 87 83 59 18 10 35 93 70 46 80 22 37 59 42 89 94 26 98 93 18 20 23 16 52 34 12 67 21 48 67 43 38 87 46 26 64 73 40 83 13 64 98 42 56 54 85 56 25 91 13 93 36 66 64 23 33 99 84 11 57 85 42 54 22 32 45 64 27 15 30 52 60 85 39 86 33 63 96 72 54 78 76 75 60 81 78 53 70 67 37 64 39 18 75 20 94 99 26 97 11 44 57 80 38 88 84 87 63 27 91 27 44 49 24 30 41 58 94 97 60 93 45 77 76 82 57 32 62 18 25 59 66 45 73 27 98 30 33 97 72 90 34 26 14 99 34 86 81 31 70 40 33 25 94 36 86 11 15 48 58
23 45 34 56 62 17 75 27 70 38 80 43 88 18 56 81 59 67 95 33 90 62 32 47 52 13 57 37 65 36 81 47 22 22 16 52 97 96 96 17 11 75 58 74 73 74 23 98 36 54 26 89 80 20 17 31 14 62 50 18 41 82 32 39 89 51 90 80 38 57 74 39 93 23 25 42 15 15 48 30 67 59 51 57 87 30 95 80 84 63 60 19 65 33 59 31 57 79 82 33 27 98 54 86 93 33 62 17 93 73 18 40 90 77 30 54 78 74 20 25 57 26 73 57 78 45 83 30 96 34 14 23 43 93 89 83 89 15 74 93 55 92 59 91 46 18 26 10 12 23 41 33 91 52 45 88 95 30 71 42 89 98 47 59 14 82 55 58 91 49
37 32 38 51 48 58 33 96 33 76 96 91 75 76 88 30 83 32 70 90 44 96 41 39 83 27 87 83 75 50 23 48 54 30 23 37 26 96 33 15 47 87 98 67 36 17 83 36 77 63 52 60 62 30 33 84 44 43 21 94 73 99 16 69 52 35 57 36 35 68 64 36 81 93 89 36 33 94 56 91 51 23 46 14 47 45 40 50 13 71 34 80 88 26 20 30 44 69 81 80 50 44 95 16 67 12 72 12 14 94 77 75 34 14 57 45 72 42 10 35 58 95 25 17 69 90 87 37 80 82 33 23 22 93 16 17 19 28 98 88 98 57 54 38 70 80 28 10 51 64 42 59 41 23 48 16 69 10 73 46 38 62 54 37 45 27 81 65 41 55
44 90 88 72 69 95 37 98 38 45 66 82 39 90 57 65 55 64 86 53 72 40 18 51 21 22 98 77 30 91 93 69 12 46 83 77 96 50 80 94 72 41 81 81 42 15 58 23 81 29 33 70 13 34 71 43 89 15 96 67 65 40 91 64 23 32 20 17 65 90 47 95 78 14 93 74 91 29 26 65 41 73 89 10 67 74 69 87 95 45 12 22 41 92 73 76 86 98 45 30 51 62 26 79 37 26 21 31 32 92 31 31 71 65 28 45 92 82 38 21 89 52 87 37 73 71 40 87 80 50 38 85 94 38 38 24 40 87 52 35 17 28 54 67 64 22 39 38 45 41 93 36 74 62 77 87 19 82 77 26 10 41 94 85 20 22 97 23 13 21
18 74 47 40 68 33 25 66 15 65 13 78 97 92 96 21 34 33 86 25 59 32 77 86 12 71 97 50 49 14 69 50 40 59 44 91 54 63 81 84 63 29 70 63 49 40 97 15 39 98 31 20 33 49 61 12 19 34 95 39 17 12 46 46 61 32 95 43 34 76 41 45 25 54 19 96 67 28 55 84 91 47 40 88 68 46 61 83 18 87 91 91 85 38 64 23 69 42 70 88 67 64 60 25 29 37 29 47 22 66 36 71 27 63 60 26 99 91 84 29 43 99 95 86 89 94 88 57 23 93 46 56 22 98 86 79 10 26 36 73 98 18 21 74 52 39 36 26 87 83 49 95 99 63 23 56 21 58 61 49 14 34 30 62 65 13 98 81 37 98
20 55 96 78 94 66 74 88 28 30 11 24 89 94 45 86 73 23 19 84 51 45 11 15 86 45 58 47 45 55 23 55 51 89 26 20 12 28 71 45 16 17 15 93 84 74 37 64 60 45 56 70 40 18 50 65 26 29 18 39 76 95 17 64 21 95 30 48 32 32 96 47 50 31 33 84 41 51 25 19 36 95 87 52 48 13 99 75 31 34 13 66 14 61 73 16 21 87 52 90 44 37 87 47 86 33 12 39 61 54 56 84 72 35 94 92 52 12 24 92 20 51 33 70 27 15 10 14 87 54 63 80 31 14 56 99 73 67 56 80 11 40 12 13 33 73 17 98 87 55 99 15 55 21 36 19 22 26 99 55 79 85 66 16 96 77 75 94 53 65
26 95 52 65 77 97 10 92 36 94 91 63 57 17 17 15 50 81 37 56 78 34 33 86 20 68 12 52 51 77 14 80 36 72 54 21 21 27 36 64 33 63 60 51 93 33 83 42 38 30 62 72 94 64 72 52 37 31 72 66 79 39 88 30 70 79 88 11 50 15 99 99 31 50 55 41 33 12 99 85 46 76 61 65 34 30 14 51 30 88 61 82 58 80 71 88 86 10 10 22 40 90 54 29 58 61 80 20 38 73 92 68 48 41 78 67 54 31 74 71 60 51 92 40 80 99 36 23 84 57 84 75 23 50 83 76 18 75 99 82 82 20 20 48 75 88 56 99 51 43 55 67 29 17 41 30 38 50 41 63 31 26 66 14 81 20 46 98 58 94
71 84 50 34 66 71 69 46 71 94 72 87 26 43 73 32 58 81 51 32 44 90 36 60 38 61 94 93 19 59 42 50 54 73 83 75 87 31 97 37 28 68 79 99 52 52 50 52 87 72 17 84 93 16 87 31 45 78 24 52 15 92 47 24 71 57 74 58 50 67 77 22 28 23 11 36 11 96 16 68 40 31 93 75 78 20 20 84 55 53 95 98 18 40 27 28 68 69 36 81 73 27 49 19 59 94 69 54 34 33 56 20 23 11 18 38 66 25 45 19 15 74 54 20 95 22 36 67 96 71 43 51 47 87 14 29 50 26 84 92 27 32 62 27 36 39 36 21 19 59 38 39 94 88 53 19 95 39 77 99 38 99 76 26 38 52 72 72 40 21
10 59 64 84 69 61 18 47 18 40 89 40 40 94 68 29 16 72 33 32 42 44 10 40 97 83 66 15 85 21 24 16 63 10 99 61 17 36 92 89 27 28 74 38 81 17 86 90 86 64 90 37 35 94 13 33 33 92 11 40 65 38 51 75 33 53 35 71 68 80 90 96 34 61 24 66 56 25 71 38 12 85 14 29 70 25 36 91 73 78 23 75 20 17 48 46 23 22 80 11 81 25 75 39 45 45 70 91 81 64 44 53 54 78 98 14 39 27 18 16 65 14 59 45 43 66 18 75 77 32 62 29 70 59 79 28 66 15 90 15 12 16 96 26 63 31 28 38 21 24 42 26 12 85 81 90 91 15 87 50 47 90 41 26 99 99 95 10 85 43
35 13 82 49 66 73 60 13 44 56 71 63 63 36 75 70 81 73 95 84 68 91 86 47 45 82 88 19 41 28 25 96 72 49 29 85 19 82 32 52 97 92 60 74 28 31 55 28 15 81 22 53 66 41 55 96 75 35 62 14 98 84 74 12 64 63 57 22 31 67 90 77 59 69 67 40 13 30 26 22 85 30 61 36 99 47 81 65 21 28 87 90 77 36 44 25 82 94 26 50 63 54 24 73 53 83 73 35 27 15 53 10 38 36 33 51 82 60 29 56 32 32 25 69 20 85 82 10 36 32 50 40 94 25 78 53 44 28 13 61 27 24 77 39 94 65 63 34 83 66 77 70 15 53 17 18 82 36 79 91 47 68 62 49 55 19 19 12 72 72
10 61 31 10 92 71 89 90 27 69 42 93 59 66 51 17 71 13 98 18 51 26 15 68 97 55 97 79 94 67 21 35 34 15 52 40 73 21 53 29 13 17 66 58 54 93 79 73 13 15 23 83 77 74 66 66 77 79 30 10 10 19 34 92 61 42 34 16 11 57 84 76 50 62 30 33 69 45 57 39 20 11 24 79 71 90 89 13 82 52 25 96 24 25 13 84 68 31 58 64 16 14 84 63 80 53 14 59 87 81 38 77 96 23 33 51 73 29 86 80 38 88 41 59 90 86 50 92 65 74 52 53 21 44 32 92 52 52 38 23 61 36 98 84 11 57 89 19 19 26 54 19 69 96 23 16 73 81 81 80 62 87 18 70 17 68 90 75 50 30
86 97 41 63 39 79 12 51 37 48 68 13 16 26 68 20 18 17 10 81 98 91 78 18 17 29 94 96 62 41 84 71 45 52 38 76 16 84 21 77 92 79 67 63 72 92 14 86 16 13 41 15 99 48 99 13 95 67 65 39 84 38 98 47 52 80 31 51 98 19 74 39 77 62 77 34 60 75 88 34 64 65 37 14 94 44 93 54 22 51 37 68 36 84 96 76 49 80 34 69 43 87 71 89 39 42 26 29 79 28 82 90 33 11 16 18 94 84 77 19 15 79 63 62 43 20 45 71 64 38 78 24 66 74 29 85 37 53 47 20 67 35 54 18 10 70 37 70 19 75 71 30 39 35 69 68 21 18 34 63 32 67 78 72 17 20 42 59 51 65
57 22 38 22 98 92 34 24 55 96 29 32 67 99 10 20 75 81 84 40 25 69 42 76 46 89 74 51 92 23 48 24 32 65 52 26 67 20 93 65 10 77 35 10 68 49 50 31 83 12 76 93 91 18 71 13 99 77 90 61 74 11 33 72 86 48 95 62 32 62 14 16 90 49 99 98 20 45 62 28 52 46 41 22 73 94 22 85 50 19 81 66 78 10 46 45 20 37 81 70 12 16 12 24 35 45 89 38 37 21 10 12 70 80 41 32 68 91 45 38 17 49 13 26 73 66 22 67 52 89 39 58 23 66 52 54 73 54 15 23 96 44 44 46 83 92 53 86 14 79 38 16 27 27 48 63 83 12 91 48 32 17 71 91 79 18 17 34 74 41
93 73 83 54 57 70 62 77 63 18 35 21 24 68 17 96 80 81 30 82 53 86 90 71 39 89 20 16 78 72 31 65 99 56 38 37 43 78 40 81 11 46 87 80 88 87 25 48 57 24 60 25 95 16 52 23 15 30 36 77 11 36 72 97 99 53 73 62 39 67 38 33 98 12 71 90 89 14 14 90 29 66 47 47 70 48 64 29 37 95 98 73 49 28 15 40 47 65 45 83 11 30 21 69 55 12 80 36 23 47 81 90 53 88 54 30 96 53 40 89 46 61 81 53 83 76 91 65 82 98 70 41 26 57 27 28 38 65 47 78 95 44 20 91 89 16 67 64 46 48 10 34 86 14 26 87 80 93 69 83 27 44 50 72 83 41 28 60 50 15
76 85 55 27 50 83 23 92 99 85 79 45 98 53 35 32 27 58 17 83 39 21 15 26 22 68 20 30 51 95 27 28 28 21 57 16 88 85 78 19 46 71 54 60 53 89 41 88 32 84 50 83 26 30 80 98 42 31 28 39 38 92 81 81 84 41 51 49 73 16 92 31 88 18 50 32 36 23 14 60 49 59 24 96 87 34 21 12 96 17 62 67 95 95 55 29 60 55 79 63 95 47 62 40 46 28 74 34 67 59 38 24 19 99 86 26 63 54 38 31 29 68 53 90 92 42 79 40 88 35 24 42 36 41 61 62 90 63 92 10 71 36 18 23 81 98 31 26 28 76 39 74 65 78 12 64 30 78 46 30 54 41 28 49 34 37 53 15 22 15
25 33 86 14 52 52 92 70 36 94 89 93 70 83 32 65 36 14 76 28 31 72 98 15 52 30 18 92 70 61 34 30 68 88 27 96 86 31 74 17 48 62 87 41 41 34 17 98 40 33 45 48 85 28 65 89 63 48 62 25 41 49 99 48 50 31 87 94 10 32 81 77 65 38 62 37 40 52 42 57 44 83 65 80 35 56 28 73 20 64 28 73 16 81 39 58 98 14 71 69 50 20 65 60 96 94 41 14 14 89 37 47 77 47 39 11 89 47 85 21 62 22 37 33 69 67 70 52 35 40 89 28 15 71 25 74 22 94 91 65 47 97 61 14 86 85 74 77 16 20 19 81 25 59 26 54 30 74 63 49 95 98 86 70 47 66 21 33 27 85
66 66 43 27 54 45 73 20 18 98 98 73 75 32 80 38 90 78 93 92 88 55 17 90 11 40 62 99 35 94 68 90 41 97 19 10 58 68 99 45 22 81 17 14 18 84 32 35 28 78 18 63 99 17 90 41 70 27 32 58 54 98 81 10 83 95 84 10 35 50 30 30 63 72 31 96 32 10 30 40 62 90 57 28 73 55 42 95 68 12 63 86 70 93 19 53 42 21 10 89 93 76 27 36 51 64 56 25 57 24 13 70 97 43 61 86 88 33 13 33 34 66 66 62 13 12 84 37 11 27 94 40 16 58 32 21 11 19 85 58 19 11 45 74 50 33 36 45 66 53 50 54 92 76 63 34 42 83 62 35 51 29 30 87 64 88 71 37 52 56
90 95 77 99 89 68 71 81 12 79 72 56 89 26 31 31 88 98 77 10 36 53 69 36 44 77 86 14 39 22 38 57 39 36 27 75 58 44 38 98 82 63 56 47 41 82 36 40 67 55 40 89 12 28 23 85 51 80 33 18 28 60 12 93 59 74 93 98 67 12 52 51 33 22 26 80 35 44 67 63 12 43 14 67 95 43 80 13 95 96 90 56 28 79 65 11 65 74 18 84 63 12 63 37 35 60 82 49 85 32 47 93 52 57 31 20 89 58 45 94 62 16 29 44 52 12 78 84 95 16 30 67 96 80 47 69 63 67 85 87 18 75 25 28 33 85 39 55 89 94 84 13 46 47 76 86 95 94 79 93 68 58 79 83 87 75 10 74 41 56
77 17 32 22 58 59 63 87 50 22 84 37 60 12 41 75 65 50 81 29 56 33 68 63 68 46 23 82 41 76 64 43 62 61 83 86 40 34 12 52 39 93 20 23 48 36 25 24 78 97 22 59 25 45 13 77 85 42 47 53 71 87 34 78 97 32 57 99 88 34 12 19 74 72 64 11 14 71 48 65 68 48 95 48 13 98 35 68 12 65 38 62 33 99 66 42 72 53 48 51 89 13 99 16 17 98 43 14 99 50 25 36 11 21 26 78 22 45 21 99 84 43 28 18 42 10 29 48 60 34 89 35 55 61 86 15 83 23 62 39 76 36 72 68 27 63 91 17 12 36 79 17 95 88 90 80 40 63 99 46 15 28 54 74 19 33 89 89 64 34
64 46 53 22 59 99 11 90 52 50 26 44 13 32 55 37 49 67 31 55 58 88 69 79 56 13 60 27 34 75 61 97 85 75 21 45 24 25 49 85 98 53 55 43 51 58 44 31 10 87 67 82 37 72 28 62 22 84 50 59 39 22 96 58 26 42 79 16 40 29 60 70 47 59 16 92 79 76 45 16 98 36 48 99 65 47 98 11 95 67 66 71 38 64 68 34 15 11 27 54 15 86 84 24 70 73 48 13 14 41 66 45 44 19 40 44 88 68 52 69 42 80 53 69 34 65 28 21 54 20 94 90 91 64 73 67 52 23 11 91 30 64 53 62 63 81 35 85 25 19 72 50 81 94 21 96 19 95 59 72 75 80 39 79 44 71 94 73 52 22
33 50 74 52 97 55 85 54 96 33 46 76 99 20 85 53 47 66 41 86 83 33 16 89 42 94 40 58 21 72 32 14 33 68 13 20 10 21 89 65 83 76 98 20 39 55 67 51 76 53 28 63 86 95 66 22 86 66 56 61 14 14 81 24 42 66 50 32 24 94 58 46 48 82 35 32 50 43 12 30 16 84 90 24 88 38 13 46 76 93 23 12 21 27 93 91 57 88 10 44 40 57 76 57 78 72 90 88 83 58 21 51 34 90 77 87 10 86 36 35 13 60 69 38 86 67 62 83 63 36 71 46 56 40 22 28 64 21 86 36 68 40 28 90 51 52 88 39 14 23 90 62 24 11 21 62 98 46 68 39 86 51 40 54 74 59 46 91 21 54
79 54 59 33 66 14 12 92 61 47 36 45 41 77 67 55 61 68 24 96 19 39 91 78 99 38 21 72 56 80 51 81 96 23 96 42 78 89 99 31 14 93 71 98 24 50 48 58 12 52 27 82 26 63 53 21 88 34 53 33 60 76 17 64 73 10 50 17 21 70 45 52 23 51 53 10 79 73 30 29 86 54 51 92 97 68 50 86 84 37 16 12 38 12 44 49 67 79 79 95 12 58 51 58 68 60 25 27 15 74 72 36 62 19 92 39 21 23 93 70 46 49 29 71 29 19 36 31 47 46 59 40 19 29 55 11 42 90 49 97 82 49 41 73 65 84 30 17 35 21 33 65 68 36 68 27 17 69 86 19 55 44 53 65 49 18 40 41 65 78
89 61 98 95 92 49 86 73 85 87 84 16 36 79 63 61 93 56 75 42 91 25 97 38 29 88 27 53 60 87 27 39 27 24 62 63 73 12 58 63 25 21 48 22 17 29 93 91 25 27 24 93 19 38 21 40 19 38 12 68 86 42 52 94 25 46 18 86 30 16 61 90 16 28 22 88 95 93 67 28 34 28 33 50 11 92 55 48 54 56 13 38 11 97 30 64 88 52 82 78 16 59 20 70 19 29 48 57 70 60 53 46 22 96 55 70 26 98 64 50 98 58 38 80 90 29 32 34 10 66 77 75 44 71 69 26 96 98 88 64 87 60 14 65 33 63 34 60 84 76 54 11 95 13 14 43 80 25 96 67 24 13 98 44 77 47 52 98 29 53
46 97 37 62 97 20 57 88 85 58 52 33 97 22 20 28 77 85 89 16 44 58 16 51 79 93 72 15 93 73 49 90 69 32 98 32 58 92 79 42 43 81 85 63 66 85 95 49 93 78 78 50 10 74 54 67 48 35 37 81 38 63 44 99 83 13 25 75 73 79 72 33 55 65 64 49 76 26 70 76 84 90 96 97 80 99 73 97 75 41 51 94 78 10 22 50 25 67 13 54 31 99 60 30 20 59 55 46 35 45 67 59 80 63 31 66 51 24 51 35 19 31 67 43 99 79 22 23 29 57 98 84 39 25 21 44 40 31 39 31 32 39 59 86 62 61 95 77 17 64 74 11 41 64 61 37 75 63 94 10 91 32 99 62 71 24 87 15 82 58
43 73 73 35 52 92 16 51 99 13 98 66 16 63 75 30 78 54 54 40 16 67 86 27 65 19 90 66 48 77 55 65 91 25 37 69 46 10 45 27 73 26 58 88 28 41 97 65 17 75 56 80 81 49 64 78 53 16 91 35 15 34 70 34 50 44 46 36 16 68 16 68 27 35 27 82 24 89 68 36 48 35 66 68 51 35 46 99 54 98 48 65 85 74 80 28 87 17 79 70 28 71 49 91 33 70 43 28 16 51 88 72 86 87 14 16 54 91 28 30 26 48 14 95 93 68 38 91 68 99 57 91 39 69 39 60 26 80 20 96 85 67 52 94 38 15 26 13 93 12 62 32 95 16 27 14 53 25 72 11 62 54 74 24 63 13 26 22 35 58
65 23 45 32 59 12 46 49 84 59 86 98 78 28 96 41 78 62 15 67 75 53 98 87 12 33 70 27 62 11 67 99 66 13 60 26 13 57 25 80 56 70 77 60 47 23 30 89 32 73 79 67 46 30 62 42 80 53 54 46 98 21 66 40 97 53 97 58 63 82 82 65 46 63 86 70 35 49 32 35 90 59 80 90 67 55 93 72 55 64 39 66 81 46 45 90 13 75 14 46 58 52 65 73 47 84 84 31 41 40 93 43 62 53 23 52 96 48 94 41 81 28 88 29 69 56 85 32 14 91 95 53 23 20 35 57 99 18 99 85 58 88 65 94 33 66 15 36 86 57 46 18 81 74 79 75 90 83 61 45 35 16 55 17 67 85 11 59 62 28
35 34 45 39 66 77 77 42 88 20 11 26 77 23 76 95 87 36 70 44 85 42 68 16 46 19 27 57 30 41 60 64 77 56 50 91 21 55 96 34 82 58 28 45 27 10 18 49 92 72 86 82 35 45 71 28 90 70 86 19 92 72 53 46 75 73 98 21 91 96 44 34 37 40 20 80 74 10 52 40 90 63 17 37 33 14 70 48 67 72 46 12 47 85 60 36 35 63 37 21 25 96 37 48 66 69 72 80 75 86 12 33 22 41 71 17 11 36 20 96 18 40 34 88 99 61 17 31 72 62 81 40 62 28 68 51 25 85 22 29 72 53 95 98 16 48 52 34 48 71 29 54 82 77 95 26 17 48 26 64 30 62 74 37 36 31 87 47 54 45
75 86 59 44 45 74 82 48 46 34 29 83 74 24 24 61 37 92 19 35 63 63 75 73 54 64 22 74 86 69 52 75 47 68 13 74 64 43 21 89 10 57 50 50 35 38 50 56 73 52 41 34 54 74 98 26 64 80 75 14 59 66 85 89 26 59 95 64 47 33 61 39 49 76 98 17 12 10 23 33 35 10 68 23 54 39 53 71 68 91 71 63 36 91 59 30 62 91 84 12 94 39 85 18 47 62 85 38 58 10 40 21 65 38 11 87 69 75 52 71 33 80 29 89 20 29 70 28 88 95 69 68 33 78 76 35 10 91 90 95 39 36 23 46 87 36 63 50 71 91 63 70 46 38 18 79 65 39 53 80 14 36 56 61 22 36 49 44 40 47
92 29 23 86 42 68 85 65 41 24 12 71 11 89 76 94 34 98 95 58 22 68 36 87 53 98 29 75 10 42 82 22 34 73 78 34 79 77 28 78 91 34 82 83 17 24 92 35 54 71 96 81 21 14 29 82 27 24 98 98 81 68 43 18 27 56 62 57 16 72 88 98 59 39 48 68 96 66 96 81 69 64 36 61 13 62 56 31 83 73 80 15 69 18 73 99 13 35 17 75 68 77 80 95 88 88 17 61 56 34 49 90 15 96 87 82 30 57 17 37 36 76 45 91 92 95 92 44 52 89 25 80 48 35 15 19 60 70 33 74 59 74 42 82 91 51 86 73 43 61 92 39 67 52 28 96 66 80 65 61 73 53 65 41 16 70 40 43 85 23
71 51 85 19 19 14 26 79 33 15 26 53 87 55 28 50 62 38 82 21 26 27 37 74 29 58 10 55 60 35 67 47 94 43 29 10 77 26 46 87 26 76 63 50 29 61 58 52 50 64 20 54 30 15 87 91 55 27 34 58 41 20 79 99 96 68 32 31 48 65 14 69 59 68 84 56 23 89 86 75 96 62 90 37 30 35 74 30 86 40 98 29 42 71 22 21 62 54 59 74 53 18 41 71 76 13 75 67 19 29 38 63 61 99 64 22 78 40 60 18 27 69 75 38 56 96 87 81 21 54 50 10 10 43 67 58 26 17 59 51 91 87 83 45 11 10 43 28 91 77 20 59 60 20 97 81 78 16 36 12 75 59 95 66 75 44 93 69 93 87
69 45 47 80 62 50 80 32 99 50 95 18 25 28 94 15 20 48 43 13 20 52 14 99 84 46 57 32 84 51 31 62 77 28 26 41 31 20 94 58 88 70 10 41 61 81 51 95 93 55 92 71 46 90 19 70 33 63 12 74 63 73 92 16 61 21 61 16 88 85 16 97 19 38 56 89 53 45 52 43 65 32 53 87 24 82 91 65 33 90 95 34 52 23 68 70 81 29 32 95 81 54 82 79 84 74 53 75 84 15 57 22 83 65 51 12 45 66 78 30 36 75 28 35 90 45 83 48 51 20 91 85 35 59 65 62 98 19 42 31 24 28 73 71 85 64 95 73 46 59 73 67 50 35 30 97 50 34 10 22 32 78 95 77 24 36 89 86 85 41
27 69 26 28 67 47 36 67 27 30 37 59 74 61 78 48 12 79 98 78 51 89 26 15 46 38 19 74 40 21 73 56 39 36 53 35 45 74 91 74 21 13 89 44 18 43 86 23 72 66 65 81 46 56 94 62 45 56 24 33 57 39 90 55 55 57 45 32 77 63 84 24 52 46 23 15 59 11 95 64 41 86 24 54 14 87 88 19 41 13 50 64 84 60 56 38 30 64 79 62 30 38 53 19 62 15 19 41 16 83 27 60 88 38 89 75 32 40 86 81 74 66 90 83 86 93 42 10 47 92 40 22 17 31 34 78 42 80 84 88 98 14 20 29 88 92 49 51 58 88 77 10 61 98 54 11 85 38 46 11 92 16 54 91 72 53 19 82 45 48
37 68 85 11 67 47 38 92 81 57 75 21 35 39 29 13 79 20 53 25 99 23 28 54 34 45 92 42 31 17 95 29 71 64 17 41 89 52 62 27 39 76 39 41 94 46 87 54 56 71 66 33 63 16 98 76 67 42 73 33 26 22 69 52 68 32 45 49 77 90 75 56 34 64 62 77 86 21 90 51 57 89 69 73 68 42 79 87 91 45 36 73 79 82 73 98 23 62 89 84 94 37 55 56 83 83 33 18 71 28 15 32 31 83 68 89 47 21 40 88 81 18 77 78 42 11 19 31 85 71 28 90 95 85 74 89 63 44 86 92 26 93 53 25 27 70 26 29 16 97 77 66 64 16 63 18 45 73 41 22 64 71 51 61 15 46 44 13 14 88
84 27 86 36 46 48 20 39 36 55 85 22 57 15 38 61 31 31 85 74 61 37 41 97 15 25 83 88 87 49 97 82 22 53 58 71 59 39 61 53 19 62 96 73 95 29 64 64 11 78 74 22 80 54 34 11 45 32 10 89 70 86 87 63 75 85 50 44 63 49 64 61 61 75 40 26 56 21 17 27 21 25 88 43 26 79 26 86 37 48 60 70 37 45 46 91 22 70 92 25 71 21 59 90 87 34 43 36 31 65 50 29 12 34 99 65 52 48 78 92 46 93 65 41 25 52 77 16 53 68 40 32 68 22 59 17 37 75 85 43 60 82 62 33 64 19 59 32 51 91 55 66 56 96 75 63 91 41 45 61 37 70 54 47 24 92 37 55 51 79
41 23 30 73 51 94 55 52 41 24 28 95 14 35 87 41 21 98 58 51 98 39 32 72 94 64 42 31 72 56 53 92 99 11 74 94 21 88 49 17 12 50 10 57 11 78 61 12 16 13 79 67 58 61 70 38 28 51 49 16 97 91 21 14 61 21 51 96 11 27 68 97 76 50 33 94 11 18 56 48 95 54 48 71 69 65 57 15 51 15 43 45 24 14 68 67 62 94 86 52 70 84 96 82 41 39 78 36 48 16 17 66 52 77 42 11 64 28 71 89 67 52 53 99 68 74 34 83 54 45 45 66 33 78 49 18 47 47 46 31 41 33 72 74 19 64 84 62 53 99 49 77 92 83 51 45 81 81 45 96 17 66 83 62 19 61 66 56 64 17
38 78 93 70 63 44 14 58 60 51 67 53 43 45 87 31 50 59 92 36 91 16 80 87 62 67 62 53 99 12 85 53 67 65 20 44 86 38 72 34 27 26 16 98 65 31 52 48 10 98 86 50 72 33 39 62 98 50 62 31 18 56 94 91 71 67 48 11 13 45 53 36 89 76 49 63 72 12 71 33 61 14 27 88 49 75 64 37 25 57 44 54 88 44 95 57 25 87 83 26 57 88 81 56 83 30 43 44 11 80 65 17 38 60 99 35 34 72 29 36 41 81 40 19 12 70 91 92 80 39 15 93 16 89 83 15 53 22 92 62 76 80 12 50 85 61 98 22 69 64 33 67 77 92 24 96 66 96 16 18 95 70 47 17 30 84 63 62 13 48
81 22 76 49 78 32 83 85 88 46 50 40 74 53 53 52 90 52 45 21 43 74 15 66 38 10 97 82 25 57 34 97 23 69 15 55 88 89 64 78 30 96 75 80 46 43 56 19 64 39 75 31 68 12 74 71 27 47 69 84 30 44 70 54 73 60 59 32 12 49 25 85 33 47 98 78 56 87 23 19 58 39 98 20 11 71 81 50 14 90 37 84 30 59 32 97 79 83 22 44 84 40 19 27 44 18 93 85 36 32 17 20 74 99 61 73 31 51 71 68 58 70 73 44 43 43 94 19 89 77 53 14 33 20 96 58 51 32 53 28 49 37 88 88 91 85 62 26 72 51 67 80 78 47 11 18 88 52 97 95 39 86 76 43 77 70 43 24 17 28
22 45 75 86 61 29 40 71 92 87 98 21 66 60 80 76 91 13 39 41 84 65 32 69 27 85 92 59 45 10 63 75 26 88 74 92 26 45 20 70 34 89 23 45 27 82 21 46 45 74 13 82 27 91 12 31 86 94 60 77 13 11 16 47 90 64 82 37 59 53 19 75 65 11 29 25 31 36 56 60 81 69 87 62 31 16 29 65 91 37 10 65 42 30 18 93 12 51 45 59 38 93 64 95 62 75 61 44 68 66 52 59 18 38 73 33 19 47 74 19 31 44 24 61 57 47 49 89 32 77 68 20 68 62 62 29 51 17 27 74 29 70 45 66 40 34 58 45 90 24 21 98 86 65 30 26 20 74 37 23 24 35 53 64 89 69 57 60 89 50
39 46 59 69 11 58 41 31 80 18 53 62 26 45 61 23 31 88 46 17 81 34 60 92 75 87 19 96 88 87 34 55 18 37 82 27 54 75 30 25 40 48 14 57 53 85 47 79 39 48 60 76 19 14 24 38 74 11 49 53 88 94 56 94 51 89 47 13 45 90 56 37 28 69 54 98 87 64 73 21 63 10 79 89 49 49 54 33 70 42 46 25 94 40 89 75 94 97 37 56 10 39 23 46 16 87 31 40 15 24 72 91 47 56 26 67 58 78 41 18 90 26 32 37 92 47 54 19 74 26 69 92 65 81 96 82 95 72 13 69 34 76 42 58 71 16 21 76 67 20 81 95 54 91 27 81 64 60 35 76 58 36 34 44 65 86 35 87 27 92
10 82 96 43 64 71 99 84 49 79 20 96 82 81 56 57 43 64 62 91 60 16 97 55 41 98 43 57 82 44 50 85 96 11 36 72 56 62 69 32 19 95 90 23 64 42 20 36 69 77 87 71 45 42 41 93 29 50 36 60 93 46 67 67 58 66 22 42 82 43 76 36 76 96 88 36 55 24 69 70 16 62 13 44 50 11 52 62 42 16 42 74 95 35 96 27 54 74 53 77 11 79 30 96 35 14 37 20 30 20 37 55 52 27 52 27 72 57 94 48 67 84 36 75 88 55 75 35 55 26 26 35 26 72 80 78 45 50 34 15 49 82 54 92 39 29 55 74 52 88 32 21 69 26 23 68 16 99 90 98 98 46 49 75 19 98 16 22 28 75
55 36 62 29 13 47 76 89 45 54 34 88 84 32 79 47 93 30 59 49 52 30 70 21 38 12 11 42 44 20 35 48 47 75 19 10 12 93 21 79 33 12 83 82 88 18 98 26 49 16 71 53 26 24 94 26 35 27 50 66 97 49 97 27 64 95 58 71 37 93 60 90 19 97 32 85 37 65 74 12 84 95 35 10 41 56 28 79 18 28 35 54 65 37 99 34 79 56 22 56 23 19 87 39 50 88 73 81 15 10 56 69 25 12 95 55 11 44 71 13 29 38 26 34 48 77 14 28 43 93 55 19 66 56 35 60 91 88 29 86 90 41 63 35 12 40 37 38 25 12 86 60 88 98 16 52 40 31 38 58 56 24 47 61 56 37 22 57 72 34
75 23 66 24 66 47 23 14 67 65 22 39 91 90 84 41 20 66 68 12 24 70 33 44 16 71 86 60 55 93 26 86 37 59 84 56 78 41 95 23 33 72 72 38 19 25 44 67 56 21 12 24 43 78 51 35 84 19 84 33 53 89 34 74 79 64 97 85 81 46 82 66 17 90 71 95 72 31 14 40 60 39 84 67 60 24 19 90 48 21 30 98 67 69 43 89 25 62 65 22 10 23 24 64 19 32 66 46 55 42 25 53 25 52 75 97 88 10 25 56 90 84 78 31 87 65 41 75 59 51 82 25 80 38 49 49 30 28 36 65 30 29 79 14 96 43 37 63 63 44 98 16 40 68 95 46 72 58 23 54 50 56 66 84 72 18 45 36 12 98
46 70 17 85 91 27 43 56 12 44 88 59 81 65 52 35 97 87 84 85 36 37 18 64 81 55 89 45 32 15 29 45 67 98 23 50 94 74 39 33 37 84 10 24 98 30 94 10 28 89 51 51 86 82 69 68 69 42 95 47 40 86 30 26 40 74 10 18 58 23 29 54 52 29 34 57 76 90 80 60 95 53 76 34 25 86 35 11 33 75 63 89 69 84 47 71 56 14 63 63 90 87 63 53 75 42 91 90 48 36 62 95 10 71 58 44 44 68 69 35 48 28 28 80 73 51 47 84 61 83 18 47 31 48 92 60 95 64 31 58 82 57 53 53 43 24 89 42 41 69 29 27 36 59 15 19 54 57 62 87 79 91 40 42 38 34 42 25 20 71
67 18 19 81 14 57 59 30 60 15 12 74 38 77 37 13 85 46 28 25 80 73 87 23 54 49 58 50 60 57 28 39 21 59 92 39 80 95 86 72 28 94 75 62 61 78 59 80 76 27 35 28 21 41 21 17 91 41 87 21 21 19 21 52 81 99 29 73 39 98 46 58 34 45 86 44 14 79 40 23 45 96 59 49 28 67 46 78 17 56 61 16 50 36 76 51 89 22 11 98 78 95 76 19 29 20 91 35 45 56 91 92 22 29 82 29 81 39 36 74 10 58 45 63 63 69 91 16 91 53 73 38 63 65 20 43 80 38 68 72 17 57 57 72 61 58 76 13 99 30 59 79 44 98 86 95 81 23 32 17 14 33 47 18 24 13 70 28 49 61
31 46 52 11 42 45 86 48 10 62 50 14 76 27 54 25 47 37 22 72 38 71 88 68 70 58 61 18 91 54 49 22 96 26 92 19 34 68 97 67 19 69 56 25 46 88 20 10 47 18 60 70 47 58 30 97 43 66 50 55 61 15 41 14 80 37 11 93 67 78 95 72 37 37 72 82 76 98 95 55 72 43 67 48 47 73 45 30 85 25 11 93 20 39 34 23 72 60 65 21 51 67 82 68 43 92 88 76 91 99 75 18 59 39 39 73 43 12 81 35 75 80 95 61 91 50 69 68 24 79 45 48 49 31 21 53 99 77 70 73 12 81 68 66 13 10 65 99 61 97 33 22 57 42 82 89 20 66 72 47 73 37 91 60 13 78 81 28 14 54
88 59 66 56 50 66 68 46 57 46 57 96 79 91 99 72 24 16 53 51 84 37 55 38 38 91 63 21 27 57 57 42 46 89 27 40 91 62 70 85 99 99 68 31 79 82 48 33 85 77 70 15 84 14 57 59 39 62 40 42 50 52 67 81 26 75 23 55 36 36 22 37 31 18 64 58 16 32 37 40 25 67 68 57 81 15 90 80 65 74 76 37 22 25 67 66 78 52 71 44 59 97 22 91 97 89 17 41 11 62 83 35 29 95 79 65 40 27 17 64 25 25 77 46 30 92 57 78 73 55 10 29 99 68 78 16 42 73 31 50 92 15 58 62 67 34 63 20 63 82 16 52 33 17 78 46 89 69 85 60 59 66 64 53 65 74 84 75 12 69
47 55 62 77 57 30 45 69 33 48 35 45 12 33 66 54 21 71 99 99 60 79 78 65 46 10 56 45 70 70 21 43 76 11 44 22 27 16 65 17 89 86 59 34 94 76 16 85 50 51 67 85 33 60 63 96 93 41 27 35 22 91 37 27 93 52 75 79 48 65 59 61 53 96 40 89 64 32 77 53 88 95 53 92 55 60 89 70 64 12 76 91 24 45 14 62 32 43 64 87 61 47 68 57 88 73 15 39 13 24 84 62 19 15 54 10 93 98 64 31 25 22 70 24 38 22 74 96 73 56 26 30 67 73 60 66 86 94 35 37 80 67 87 76 87 40 58 39 83 75 81 49 92 60 84 51 42 53 66 68 60 10 93 10 85 67 71 32 29 11
20 38 41 44 73 14 43 46 15 98 46 84 88 58 45 20 81 60 62 69 48 32 98 97 66 24 57 97 85 69 62 70 15 76 13 30 69 89 61 86 26 99 89 86 25 80 49 44 30 69 28 76 54 44 56 78 46 37 78 84 22 95 43 69 39 97 83 10 67 79 53 60 71 91 68 74 25 23 92 80 47 88 95 12 52 57 75 34 82 61 73 28 73 51 82 50 78 41 39 45 31 64 76 94 53 77 89 35 60 18 34 88 17 76 87 16 10 62 41 15 67 57 54 47 34 49 75 27 76 86 34 12 48 44 60 54 64 33 35 93 83 31 12 70 11 92 84 73 77 61 78 41 31 96 15 54 57 63 19 58 46 46 73 29 72 94 23 96 96 82
82 33 83 34 92 14 28 45 41 18 63 78 54 18 61 10 89 70 22 21 88 69 50 92 91 99 21 39 51 24 49 18 76 99 11 76 30 85 39 98 15 16 94 26 63 50 83 63 10 28 17 35 98 50 59 54 78 47 79 55 51 34 25 67 41 70 84 27 57 46 48 65 98 64 22 85 58 73 43 44 56 39 90 31 74 18 98 55 11 34 80 32 11 10 99 64 81 32 50 43 63 45 28 20 81 55 57 84 71 65 25 98 97 35 70 96 22 83 72 86 15 56 14 61 11 64 49 76 18 14 10 52 60 59 36 73 35 63 51 91 16 66 11 79 67 87 15 35 10 28 24 61 70 96 34 96 68 88 19 20 68 85 50 90 21 32 41 27 41 28
17 72 74 44 14 87 58 19 61 36 43 39 92 31 51 70 18 87 16 52 26 78 53 30 80 99 92 31 88 21 74 89 77 44 80 18 14 95 79 48 36 11 43 41 85 76 49 39 58 54 35 59 78 92 93 80 32 49 67 76 99 18 64 58 63 87 64 73 66 12 21 93 14 22 44 92 82 48 86 92 48 21 78 23 70 84 70 96 17 85 36 58 43 80 41 16 64 88 21 35 67 97 64 12 76 92 19 76 73 59 79 16 68 90 47 65 29 96 80 41 19 14 12 41 51 55 16 77 81 16 30 67 25 32 29 66 58 74 78 23 59 99 97 22 93 25 74 35 56 30 96 18 97 87 39 47 38 73 94 24 36 51 28 49 85 51 12 33 98 18
61 44 38 68 48 30 87 90 50 64 10 87 32 80 14 11 47 82 37 54 80 99 70 71 99 29 50 28 10 27 38 56 23 93 24 51 95 94 70 69 69 96 26 69 24 24 95 29 41 96 37 38 13 39 47 78 95 60 99 85 38 95 84 31 94 56 70 93 23 75 40 20 63 98 75 33 87 45 91 21 23 79 86 12 75 43 63 81 86 66 19 30 38 84 24 74 68 82 97 94 70 35 53 39 62 99 87 26 62 83 82 52 21 43 45 28 63 76 69 37 22 84 71 64 19 37 39 41 98 94 35 84 59 22 11 85 21 27 53 50 61 39 11 46 30 98 43 87 85 83 63 78 88 46 10 77 36 89 63 44 54 80 72 13 47 69 11 52 38 32
18 98 79 85 86 91 80 20 81 54 32 71 70 52 57 10 32 32 76 19 96 23 52 28 46 53 13 86 51 64 17 76 10 88 57 10 85 46 59 13 76 27 71 63 97 71 57 30 12 38 74 64 28 65 30 89 96 74 21 90 69 98 87 35 48 14 54 68 53 83 28 15 68 59 18 90 57 26 76 44 81 75 10 39 51 63 41 53 33 63 10 47 40 13 44 27 18 48 11 98 20 79 59 85 62 93 43 13 95 34 32 36 87 81 76 23 42 47 85 88 57 35 25 21 23 17 43 64 96 78 58 84 33 49 20 31 75 59 10 41 35 27 63 72 43 51 19 89 55 95 68 99 66 10 38 99 72 62 98 97 67 20 93 92 51 10 71 94 60 99
59 99 14 31 80 49 29 52 60 46 88 92 59 46 45 26 92 93 50 98 95 79 98 35 75 27 60 63 95 16 30 92 16 77 48 75 79 75 64 63 24 84 29 60 58 62 14 11 39 69 69 18 46 44 21 96 19 70 70 95 29 12 56 96 27 90 43 10 96 35 98 60 38 14 33 75 85 95 80 89 14 38 47 79 13 71 52 28 56 80 90 16 24 64 98 50 50 74 29 48 40 83 31 79 96 78 18 35 93 18 48 66 86 67 66 99 13 73 39 15 99 44 74 54 86 81 71 17 57 46 82 33 55 63 70 69 35 27 61 28 94 63 26 43 32 81 69 71 43 50 79 31 22 25 92 53 98 88 28 11 56 52 57 75 36 50 85 49 37 59
69 96 70 80 43 67 37 73 60 95 45 11 43 51 60 78 84 37 45 63 14 85 53 39 46 91 85 72 22 51 31 53 66 99 16 67 94 74 77 61 93 73 64 52 97 33 66 45 66 66 65 30 80 35 40 49 45 66 32 14 22 53 24 18 44 76 54 66 74 22 85 32 20 30 31 89 63 74 40 78 10 70 54 37 34 64 61 26 71 78 17 25 58 79 42 61 46 92 52 83 68 78 94 86 95 80 27 88 23 43 41 10 19 16 41 40 87 45 68 77 91 33 72 65 88 33 37 26 64 24 86 70 49 63 22 66 19 99 48 83 20 62 68 27 95 58 25 31 36 40 77 15 97 24 72 16 42 11 17 91 16 49 77 83 39 84 41 94 30 52
72 84 33 42 59 18 18 60 80 68 40 85 23 37 46 54 60 36 19 40 46 56 80 38 51 38 67 29 62 99 94 40 15 47 18 33 44 39 68 25 78 80 74 41 76 12 92 47 46 91 71 55 23 87 22 83 82 22 22 42 87 95 31 87 66 90 75 23 32 51 81 91 75 66 34 25 90 99 49 67 20 79 48 30 97 69 70 98 25 78 45 12 66 29 41 79 37 79 37 99 37 10 32 46 77 70 31 39 70 39 79 14 44 32 42 87 71 23 95 72 16 92 21 70 19 53 90 15 98 76 62 64 85 25 73 39 38 33 18 32 19 40 69 93 22 63 90 39 91 80 73 64 37 29 98 34 19 48 93 92 20 67 63 13 28 55 66 93 82 84
82 95 88 84 27 53 99 11 44 11 10 47 46 88 79 59 49 74 31 65 48 24 11 40 43 98 34 81 83 43 32 21 62 46 73 54 65 38 51 26 37 92 57 25 16 72 74 35 61 23 40 65 55 13 52 21 86 13 22 39 64 90 68 27 98 61 95 80 15 66 36 38 70 32 85 70 67 47 28 37 63 60 92 33 42 97 43 10 35 70 68 77 31 18 15 94 81 99 63 75 19 76 27 83 94 55 64 53 92 23 98 94 82 71 96 52 57 37 83 36 25 41 12 75 51 27 21 56 98 79 99 95 60 46 67 72 47 96 72 22 95 14 18 98 31 75 81 17 25 44 73 23 27 28 45 37 92 91 88 87 40 45 34 27 28 38 71 29 92 60
47 46 74 11 36 77 36 63 80 91 82 46 16 30 66 60 52 82 78 52 58 57 82 73 79 73 38 35 43 70 25 29 66 85 95 27 35 45 66 77 91 57 36 65 72 46 43 23 83 13 93 57 25 14 23 34 13 74 33 36 73 23 54 24 67 18 80 24 71 82 46 58 97 56 69 53 35 75 36 78 39 97 49 96 80 74 75 19 10 23 88 61 15 43 35 79 18 38 57 12 74 34 55 78 65 13 83 33 54 10 92 10 39 99 11 51 84 49 25 51 74 63 76 88 48 80 58 16 74 22 75 10 63 77 82 85 24 76 32 16 41 26 29 47 88 54 61 81 77 79 96 28 94 11 35 84 79 41 30 93 58 25 66 38 58 53 29 61 60 54
19 76 76 33 45 22 76 76 23 97 43 32 25 90 70 62 52 21 86 42 95 96 96 38 76 13 85 92 73 86 72 21 68 44 26 17 82 75 62 90 97 89 26 96 87 32 50 87 25 18 45 23 84 67 69 22 74 37 24 44 37 66 14 74 25 76 12 18 15 40 99 37 57 88 42 55 46 71 14 43 88 28 39 50 92 83 34 58 27 10 38 97 64 50 21 97 58 34 77 46 85 45 55 30 66 90 86 45 67 18 35 67 32 39 63 20 10 61 52 11 73 15 55 12 59 15 43 95 73 55 82 22 71 52 41 87 52 16 21 43 99 51 38 96 20 43 81 41 35 72 96 59 61 83 19 13 24 29 45 61 85 61 62 67 90 81 34 65 88 49
41 35 69 40 42 89 28 46 66 12 79 80 20 11 27 64 81 37 64 86 18 76 68 29 52 37 15 59 46 86 25 40 25 58 90 46 29 46 93 59 67 43 95 29 62 35 61 28 91 25 86 55 29 57 54 19 77 39 69 81 56 13 30 60 86 79 23 22 90 80 19 88 35 54 71 22 55 46 76 56 37 73 31 25 21 73 39 27 51 46 66 86 57 11 25 29 11 12 70 32 38 91 95 53 26 45 35 62 75 63 62 28 34 94 98 35 16 29 75 66 14 44 65 92 37 39 93 11 80 50 72 24 61 70 53 36 98 49 17 55 68 66 36 46 22 31 10 25 74 14 47 71 58 16 91 83 93 82 56 17 33 84 94 69 56 87 56 27 63 36
78 15 42 68 39 77 37 94 76 33 40 91 43 56 29 80 39 94 82 72 87 63 74 72 51 68 92 79 17 94 80 25 27 85 72 75 15 50 26 13 20 32 59 47 91 67 70 62 70 29 15 80 77 14 62 44 58 87 42 57 20 60 65 35 95 74 35 21 98 93 69 62 42 97 42 29 87 59 93 21 82 13 26 92 78 77 65 58 19 51 32 70 33 73 46 58 13 32 12 17 87 68 22 39 76 50 22 45 71 68 90 31 80 41 24 93 13 43 43 10 31 47 54 38 79 69 42 58 92 90 75 44 64 22 53 40 69 10 43 14 44 93 34 71 33 25 46 58 21 77 11 48 97 53 74 11 69 24 43 55 36 17 75 73 39 79 85 61 99 89
96 84 48 60 17 57 48 42 76 70 74 30 11 40 20 33 71 44 73 59 21 60 60 17 63 85 98 41 74 24 61 11 20 48 15 27 44 79 26 80 35 71 64 45 43 63 13 22 97 40 36 51 23 52 77 82 39 39 39 59 94 39 60 86 75 28 87 49 83 35 38 23 84 58 35 91 61 78 68 47 14 39 11 30 59 82 68 35 50 66 46 40 40 57 43 32 78 35 56 14 18 39 64 56 47 88 39 71 24 25 28 56 41 33 18 57 99 39 18 25 89 29 12 36 86 15 31 51 50 91 62 25 55 13 93 32 47 64 95 61 57 75 70 44 13 71 64 88 46 31 87 48 26 53 61 79 26 73 49 49 17 54 99 51 32 20 20 12 91 64
29 14 54 51 35 88 33 18 27 11 88 36 96 77 18 94 93 12 19 26 91 10 72 41 86 48 68 64 51 94 39 20 41 46 21 19 26 48 15 39 18 39 21 76 82 90 22 43 60 16 71 88 60 86 18 52 87 32 98 26 58 98 82 57 48 25 76 54 33 62 70 36 52 43 83 84 64 82 66 10 64 31 86 21 53 46 43 69 96 21 12 56 82 14 43 80 30 22 59 40 21 11 97 20 62 57 21 24 67 16 31 24 88 43 81 24 10 28 72 58 22 56 40 20 89 16 18 90 20 46 81 69 77 34 26 13 20 69 99 87 32 39 16 71 14 27 22 95 22 19 32 43 55 16 32 49 20 12 48 30 73 25 68 37 36 17 68 74 27 30
83 51 68 72 95 30 82 75 61 45 59 94 97 45 48 85 66 47 58 67 40 56 83 71 92 90 69 91 30 13 99 70 84 29 97 35 13 65 22 33 81 26 56 23 42 98 67 79 75 93 97 93 48 24 62 33 34 86 37 51 51 95 92 37 96 59 12 78 31 16 58 58 36 20 81 10 34 82 37 28 21 92 10 23 67 29 83 27 78 49 38 21 65 91 86 24 85 53 46 37 14 42 53 62 20 57 78 90 79 64 37 15 35 26 79 28 68 82 21 27 84 37 27 59 92 50 79 52 86 21 63 97 62 11 11 35 22 23 68 38 72 33 29 81 11 55 10 12 82 40 76 58 41 88 95 36 85 33 54 79 97 37 78 40 46 99 61 25 70 82
85 34 18 88 36 22 61 57 47 40 56 71 19 51 71 72 95 19 64 19 39 27 24 67 51 39 53 43 44 88 88 23 20 63 99 53 99 99 96 62 28 76 22 32 15 40 38 53 50 56 63 61 32 39 24 37 94 39 39 66 93 42 94 38 83 40 40 99 21 58 52 42 48 97 26 97 74 21 47 53 46 71 94 40 15 17 95 37 57 16 51 26 59 62 37 66 44 81 26 41 65 15 31 23 71 60 43 51 85 67 34 44 72 29 74 69 22 81 25 51 34 10 82 57 54 28 21 37 96 52 18 92 19 13 73 79 60 32 54 44 45 40 47 47 63 41 92 95 82 16 61 91 16 58 88 68 51 84 26 59 63 76 27 58 58 26 77 36 90 26
20 57 62 42 88 16 58 79 71 19 61 31 29 53 51 89 70 85 14 84 83 15 62 90 95 57 30 23 19 21 78 72 82 89 94 98 96 88 58 44 83 11 37 62 31 19 44 94 75 72 25 39 98 73 61 66 94 72 23 16 31 47 31 18 34 71 45 85 87 82 94 19 43 90 38 37 14 77 32 21 96 81 95 86 63 28 25 83 83 62 15 53 62 94 11 24 74 84 27 11 67 86 52 82 52 28 44 57 12 44 50 92 87 67 24 79 67 13 23 74 11 72 22 63 16 49 35 11 51 99 27 66 11 99 79 96 78 58 63 72 89 98 51 16 46 32 99 23 80 70 83 91 15 11 60 81 11 20 80 29 52 17 15 95 33 30 92 63 14 40
86 79 53 64 95 82 19 45 77 36 52 95 32 64 96 68 36 65 21 10 95 73 72 69 81 84 54 97 24 71 27 65 37 76 14 63 65 64 84 50 19 78 88 64 61 18 36 86 26 69 99 65 51 49 76 14 39 58 76 76 88 76 81 34 40 59 45 37 50 62 16 58 22 86 58 55 23 62 37 71 12 34 31 10 74 10 86 44 25 13 51 21 34 72 21 36 77 45 95 31 43 28 14 29 92 45 54 44 31 88 26 33 11 56 85 61 81 57 83 98 18 55 17 48 45 21 76 17 90 67 34 42 73 86 66 39 64 53 40 33 78 38 73 11 10 14 90 40 81 76 90 68 80 75 24 21 28 38 85 45 42 15 82 76 78 62 50 19 48 34
19 12 47 65 16 63 65 62 55 59 55 68 23 71 11 62 95 92 42 20 72 17 39 31 91 71 47 41 13 88 56 79 31 93 46 36 71 16 69 30 96 34 80 67 93 51 89 62 39 46 70 87 20 86 27 88 63 13 45 82 57 21 16 80 76 42 52 58 23 36 96 71 44 51 22 24 47 77 40 73 10 86 27 31 10 80 76 70 51 18 85 69 16 65 62 83 87 63 22 59 85 82 63 14 70 84 18 71 59 73 83 12 46 20 97 26 24 25 30 79 66 86 58 50 84 52 41 85 60 19 90 43 62 44 48 33 49 39 95 66 20 81 30 93 37 41 36 70 37 48 73 36 16 19 71 12 35 45 49 37 39 76 93 97 10 71 16 52 35 68
68 63 51 26 39 35 27 64 88 63 19 38 66 18 29 26 36 88 11 42 98 51 17 77 70 80 74 54 32 16 86 87 14 87 50 80 48 46 11 45 48 90 23 80 39 65 37 32 32 23 58 34 84 39 24 68 10 89 69 38 66 41 16 49 88 33 74 73 75 40 57 27 74 38 64 12 64 47 74 73 50 31 94 30 64 31 92 20 28 28 41 40 34 41 41 30 11 64 76 58 24 56 76 80 55 19 83 17 26 79 66 24 95 38 20 95 58 72 38 81 51 35 77 85 43 31 96 81 39 39 90 94 78 58 58 86 60 53 11 57 52 17 34 48 64 13 42 47 61 11 44 91 46 17 12 70 46 38 24 68 61 12 45 31 23 97 57 37 96 61
54 63 32 71 91 47 99 45 38 25 14 58 30 82 99 32 46 34 77 44 50 68 16 74 88 73 55 86 57 15 52 94 93 81 11 23 77 80 77 38 91 50 39 11 43 84 87 11 84 96 61 73 39 63 30 25 34 15 64 41 94 10 65 81 36 40 95 75 44 59 15 25 40 15 78 75 27 29 59 87 91 14 38 96 44 64 20 90 41 69 68 30 33 78 64 92 38 13 96 27 94 84 34 62 23 27 94 89 62 27 12 98 48 44 61 43 72 42 23 82 19 93 54 31 93 59 71 59 86 43 91 99 68 47 73 91 27 13 75 49 81 58 15 57 45 81 34 26 84 59 16 11 12 20 44 31 94 41 83 83 72 45 58 51 46 56 42 28 83 24
49 85 18 88 64 94 46 57 92 68 14 33 10 88 29 70 94 73 22 34 47 23 47 78 58 27 78 79 34 29 80 71 46 19 95 41 92 20 59 98 86 94 12 86 40 53 58 16 74 99 39 40 27 31 42 91 32 23 15 52 53 32 39 93 74 88 30 63 88 11 17 64 38 48 99 32 21 81 27 60 80 29 67 99 28 38 93 77 45 81 41 85 93 43 24 57 52 49 62 60 11 24 26 92 42 84 67 61 95 79 17 63 79 35 83 93 17 72 91 75 66 62 10 18 22 72 51 34 91 60 85 53 46 48 88 40 73 29 30 93 45 30 21 49 87 98 25 19 71 95 30 12 33 64 62 69 59 63 31 67 47 47 79 40 43 31 24 90 23 39
47 13 52 45 64 71 42 97 26 95 25 71 46 61 41 91 36 42 34 43 67 27 39 13 43 92 89 40 71 29 58 43 40 38 97 56 81 92 98 14 56 14 96 74 35 10 90 28 61 25 91 52 22 46 96 31 31 93 52 25 36 78 46 82 39 10 67 31 66 57 79 78 29 86 17 68 30 76 66 70 26 79 77 97 17 79 68 68 50 84 14 82 19 24 45 99 93 76 50 82 65 51 92 79 38 74 84 20 22 29 45 89 89 96 99 53 46 28 44 69 34 79 69 34 75 72 43 65 38 75 65 90 71 27 35 41 23 84 26 71 57 20 88 85 89 59 17 82 65 62 73 91 22 56 93 20 11 55 24 87 92 85 75 57 84 84 70 47 24 30
30 44 62 19 87 72 75 96 11 40 23 49 51 66 37 73 25 61 55 62 33 28 94 43 51 98 22 69 71 83 77 92 29 61 60 23 97 25 57 80 41 38 30 88 34 97 22 27 99 17 96 86 70 57 26 55 26 73 85 55 90 28 37 34 32 10 53 91 59 35 71 69 64 15 32 88 32 62 37 71 92 62 95 44 73 37 44 97 72 62 94 12 97 56 42 44 53 15 86 28 90 64 54 78 57 47 35 96 93 11 38 41 53 20 47 78 13 28 97 51 68 19 26 13 74 43 38 18 35 79 30 37 37 32 87 86 22 95 86 88 64 14 67 83 60 61 34 95 89 21 51 65 29 13 32 58 18 68 64 76 93 61 62 43 62 24 57 43 61 26
26 46 35 48 29 68 96 45 47 71 35 86 52 87 28 72 26 50 75 22 76 58 32 64 32 19 92 96 41 41 16 58 30 65 94 84 36 31 64 13 79 39 44 21 36 35 54 10 59 99 71 99 90 58 65 83 66 40 21 36 14 24 14 97 84 74 23 66 40 80 51 41 44 75 26 31 66 27 59 28 18 88 59 63 68 22 72 30 84 20 15 62 67 62 40 64 11 95 79 17 52 50 82 80 40 56 71 83 74 35 74 18 29 49 94 65 57 69 40 37 81 35 54 50 24 50 80 28 18 54 98 81 58 96 94 13 38 47 32 13 68 39 18 38 35 95 34 51 52 79 24 26 95 37 37 22 33 69 26 91 81 44 25 34 56 34 32 90 24 77
71 13 51 83 30 12 39 50 28 63 89 93 63 70 90 76 24 53 69 45 33 24 27 64 17 47 41 35 44 18 56 60 37 22 97 31 53 23 57 41 30 68 52 23 76 10 71 65 55 65 36 60 83 85 59 45 63 86 69 35 41 67 10 14 53 16 92 59 17 48 12 45 23 21 89 28 87 87 43 18 56 46 61 32 11 48 27 61 16 70 25 55 90 73 12 98 44 77 91 28 79 64 77 23 37 72 26 80 33 49 31 60 21 46 28 66 98 35 66 43 42 97 19 97 58 50 92 63 67 58 28 66 19 32 20 72 81 93 85 69 37 54 30 73 19 30 51 38 68 94 55 89 12 97 22 64 65 82 60 20 70 36 75 32 79 52 70 25 44 45
57 65 90 78 38 66 50 67 79 33 12 93 11 30 64 55 87 80 94 29 62 42 78 63 69 26 91 27 88 59 42 95 39 86 27 65 11 87 76 43 66 83 77 28 88 10 38 72 15 25 31 80 98 69 17 55 96 67 35 99 25 14 99 83 87 70 49 23 34 73 87 89 96 21 26 93 21 42 38 74 26 23 28 14 21 29 69 31 76 63 32 17 18 78 74 31 59 25 63 47 53 89 61 31 63 83 92 78 95 95 83 97 42 94 91 36 86 11 26 79 59 24 62 78 35 46 49 31 45 99 15 89 46 14 84 29 75 25 42 12 34 14 77 96 18 90 91 32 97 63 31 27 44 80 58 14 74 12 26 34 98 28 42 72 73 79 80 26 15 65
23 77 25 72 28 43 42 63 30 20 35 70 44 77 63 26 11 44 86 14 33 97 76 76 29 63 53 47 64 86 62 69 19 14 72 84 22 97 16 41 69 38 94 94 27 69 78 51 20 38 16 49 50 10 37 79 22 90 93 17 58 40 72 69 91 70 28 67 91 70 14 57 74 81 27 28 34 30 42 74 20 75 10 61 37 83 34 57 66 56 62 68 22 46 43 77 38 81 90 54 50 62 26 21 93 62 95 38 77 17 69 14 29 82 51 35 58 38 37 28 54 60 86 83 31 38 49 83 63 35 15 10 52 76 73 92 62 24 83 69 29 41 38 55 30 24 54 48 50 32 18 19 41 56 50 95 60 19 74 85 37 93 58 77 27 67 82 96 78 75
91 72 83 47 53 25 60 52 18 67 39 32 19 40 90 28 17 35 15 76 21 99 18 24 11 77 48 17 61 18 75 97 96 20 37 57 36 64 93 94 60 69 39 98 63 32 38 67 29 89 55 51 32 78 79 13 60 79 62 58 44 18 34 60 77 29 60 69 93 27 74 72 66 87 28 56 94 63 60 67 71 78 60 46 61 48 69 10 36 29 57 31 13 99 96 70 54 41 27 48 42 89 19 96 71 80 72 59 54 52 34 59 38 52 43 16 51 96 80 13 81 23 10 56 26 16 68 71 16 37 60 20 50 40 85 21 34 57 90 36 94 73 73 12 54 88 50 69 28 30 23 75 69 27 10 37 70 59 44 38 76 36 94 69 25 23 86 13 25 67
22 15 12 92 14 40 56 98 18 18 27 75 38 75 62 92 83 49 36 57 97 10 42 46 22 10 66 90 48 41 60 11 70 74 39 43 52 72 65 73 26 68 10 81 44 99 99 36 31 19 16 87 16 73 33 81 84 55 79 83 88 37 90 14 44 19 97 62 40 74 83 34 36 20 81 17 87 11 87 85 44 77 68 43 66 31 96 68 78 32 12 23 10 68 45 16 25 21 42 69 44 57 85 40 98 18 62 72 75 95 39 52 36 21 10 19 58 55 47 32 66 90 84 34 15 81 53 51 69 29 16 48 95 96 10 46 97 50 29 72 27 15 73 16 82 52 44 55 21 88 71 86 28 36 27 87 21 40 72 10 29 69 17 87 34 55 27 53 48 72
33 67 59 63 70 92 52 27 65 81 44 43 97 56 51 87 51 66 10 52 77 93 24 55 10 60 90 14 44 52 63 24 11 15 74 66 51 11 52 41 93 20 51 40 86 71 71 56 16 57 71 85 39 44 35 72 14 87 30 80 59 42 41 47 47 88 28 91 28 88 34 83 82 41 41 25 44 39 60 32 39 64 20 44 37 24 21 81 91 30 94 86 42 26 65 79 88 91 86 80 34 72 27 42 71 10 13 49 56 66 94 50 46 95 42 73 73 15 58 98 83 24 37 32 74 25 89 27 11 83 73 71 82 98 41 80 62 80 81 37 45 11 54 47 35 21 73 60 90 70 21 49 10 19 18 27 67 98 98 49 77 89 47 51 80 63 85 15 23 17
18 31 69 40 10 78 75 32 94 35 53 36 84 72 48 26 70 12 17 58 66 37 82 88 81 87 21 57 56 37 53 98 20 15 17 65 77 26 26 79 90 39 82 58 17 78 70 23 76 63 23 42 42 58 80 13 16 70 44 51 69 68 80 63 55 38 78 41 26 79 66 84 95 21 70 29 86 52 74 81 74 86 18 86 27 44 97 93 11 92 59 77 43 78 48 11 47 14 80 43 28 80 62 35 38 84 40 82 90 16 99 18 83 22 59 95 34 32 86 22 69 39 15 10 60 61 68 82 68 48 30 16 70 99 28 48 52 77 57 56 41 74 95 12 16 92 53 29 27 27 30 79 29 48 55 84 87 12 40 80 53 58 53 31 30 82 66 12 38 84
37 22 18 65 44 17 62 22 98 98 19 73 24 20 25 72 53 24 22 79 48 19 76 34 17 95 67 82 87 83 19 32 30 21 82 39 10 35 74 18 96 91 64 24 22 21 62 99 90 16 47 16 99 13 82 86 63 49 55 51 29 30 30 87 20 28 98 38 13 14 91 77 70 44 58 12 27 79 63 72 61 52 76 58 57 80 26 23 54 17 66 86 62 90 82 90 34 42 97 82 94 42 46 40 25 73 73 78 84 52 13 75 21 99 88 67 76 70 45 39 14 90 50 50 64 35 17 30 66 81 29 65 24 69 71 78 94 47 45 75 67 71 35 30 14 11 11 83 69 91 74 26 82 24 64 22 84 89 24 47 46 28 25 95 85 43 41 27 38 33
95 55 60 38 61 15 19 72 77 92 58 97 51 60 49 36 26 75 61 18 84 64 53 59 51 14 13 42 55 79 89 88 61 80 15 21 26 60 57 93 96 18 25 26 67 77 38 36 95 58 90 76 43 57 30 69 25 90 92 68 19 52 22 99 47 44 10 82 65 91 32 25 56 19 94 52 49 35 91 85 92 33 71 67 20 27 18 12 96 39 36 69 14 78 50 35 75 50 66 35 83 58 55 94 74 82 19 75 32 25 79 79 48 58 30 87 33 67 33 35 12 51 64 39 97 91 67 57 23 65 25 70 43 45 51 64 68 21 75 17 21 72 25 77 98 33 45 40 22 90 64 71 88 38 28 86 89 14 74 61 88 25 92 49 46 10 92 20 38 32
75 43 92 50 97 79 24 70 27 96 88 45 12 89 41 33 11 11 97 49 14 11 10 52 63 17 14 22 55 58 70 58 75 21 44 97 86 34 99 55 23 14 46 92 45 25 45 24 57 24 34 87 23 94 75 49 48 30 46 15 67 86 48 99 39 94 97 88 32 57 69 38 66 25 22 35 32 53 10 41 74 52 35 37 52 40 23 19 48 43 79 82 30 29 66 35 59 43 41 20 50 25 96 12 47 99 70 10 64 10 65 41 77 90 44 81 94 21 56 56 91 36 80 76 69 71 74 89 41 64 60 48 45 87 93 71 82 33 94 44 78 81 28 79 34 76 52 41 81 28 80 32 31 27 96 47 37 35 29 54 80 84 56 92 56 66 58 39 27 25
26 21 72 80 33 41 91 38 26 90 26 51 74 27 80 25 77 93 75 41 15 14 49 14 80 56 72 49 24 59 74 56 44 24 23 47 16 27 58 72 87 59 76 35 10 80 43 12 92 91 59 33 28 93 72 60 28 41 23 30 88 29 55 90 57 89 19 57 13 27 18 79 76 34 81 89 38 64 72 69 90 36 54 86 81 36 37 12 29 36 90 31 99 55 68 24 92 95 97 65 84 76 70 98 45 20 36 22 14 55 23 29 98 74 78 88 69 86 66 72 74 11 16 15 74 71 67 26 27 41 88 86 16 81 91 14 15 66 66 79 46 63 53 42 39 22 76 51 40 17 55 88 99 81 77 20 13 13 97 82 77 33 54 94 27 32 51 12 51 58
87 65 69 29 34 84 81 41 63 30 13 27 47 81 39 66 51 70 95 31 88 74 13 24 57 10 92 89 27 62 40 58 90 11 33 70 68 83 63 99 97 92 82 85 96 38 75 67 59 18 56 94 69 20 71 40 43 34 66 81 93 22 95 93 14 32 66 76 86 99 24 42 36 78 55 77 98 39 62 15 33 52 14 70 16 80 51 50 10 33 92 37 81 68 26 26 82 13 32 57 26 64 83 31 12 65 73 41 94 50 17 55 49 21 77 47 59 76 20 32 68 93 20 63 88 15 96 23 53 41 27 61 42 64 93 71 35 33 96 22 38 27 25 56 95 48 73 45 94 62 54 82 11 37 96 81 49 20 10 51 97 91 43 31 95 58 80 26 87 29
62 99 22 33 21 22 94 16 23 49 29 28 57 80 71 68 22 71 94 77 33 91 90 71 43 48 61 67 91 89 46 37 55 14 33 78 65 51 43 90 59 58 61 35 93 33 88 25 88 74 13 85 84 59 73 15 57 30 28 81 94 94 64 56 13 73 39 96 28 77 29 35 33 90 71 15 99 42 70 99 64 69 26 62 69 95 97 58 11 35 28 61 21 61 73 21 30 66 76 80 79 55 92 54 82 21 69 33 15 98 29 53 70 70 25 18 81 54 75 52 32 42 40 80 84 42 18 31 88 70 81 22 39 67 81 94 63 30 79 59 92 18 59 44 95 59 26 31 90 71 82 54 17 35 48 24 37 67 49 28 88 44 34 91 51 88 59 76 12 76
89 97 73 30 20 71 59 11 84 77 12 38 22 75 48 24 52 48 29 70 14 67 94 22 31 87 99 29 19 23 16 49 37 18 67 61 11 75 68 44 44 75 35 52 79 57 72 52 55 72 64 35 38 67 22 55 93 60 86 66 17 42 57 95 36 92 93 49 65 23 90 46 50 99 69 64 96 77 41 76 83 78 63 50 34 81 63 17 76 88 75 55 51 24 53 21 16 97 33 87 72 66 79 76 74 43 11 92 50 97 11 52 48 39 93 93 74 28 39 26 18 27 44 83 83 16 16 36 32 55 50 50 11 34 70 37 66 41 33 50 14 88 45 28 47 77 58 29 55 19 87 39 76 47 92 33 77 92 68 32 54 23 41 16 46 60 35 19 57 98
38 71 49 41 61 65 78 95 89 68 40 78 24 48 38 90 89 71 28 41 62 41 84 10 25 52 62 82 98 90 53 78 15 58 37 73 82 48 87 65 56 89 46 65 78 61 20 94 44 26 59 65 94 61 19 18 91 78 24 19 95 17 44 93 86 73 75 23 99 93 15 79 95 41 61 50 17 77 28 50 99 75 82 11 32 31 49 73 97 73 77 37 94 55 17 57 66 12 80 70 71 10 58 11 17 20 49 70 50 11 70 10 21 84 64 15 31 33 24 81 14 54 10 59 67 28 32 92 93 66 22 21 77 82 12 26 39 83 12 75 35 31 33 83 39 59 93 26 60 45 34 54 91 66 49 75 99 60 79 76 69 94 32 16 25 67 54 46 37 26
71 71 34 63 54 85 83 87 88 41 51 67 75 47 89 16 66 71 48 34 50 72 12 46 23 54 50 37 58 82 92 17 10 54 13 20 31 42 56 85 62 35 27 31 90 43 93 54 28 38 78 62 42 32 72 91 59 83 20 51 24 38 65 14 32 90 70 23 40 35 23 99 18 39 36 45 78 56 38 64 84 83 36 76 59 73 18 14 33 66 69 55 91 12 67 99 52 38 79 68 15 56 47 28 11 44 84 71 95 49 64 32 59 51 77 19 59 72 46 55 74 63 41 65 13 68 87 52 72 92 22 17 54 24 83 93 83 25 15 34 55 48 50 33 24 51 67 12 65 45 45 81 40 37 71 31 38 85 32 78 84 73 12 10 96 88 17 58 58 99
20 79 64 68 75 95 85 22 59 61 61 15 18 32 20 68 87 99 70 81 98 74 33 13 33 60 18 34 66 57 15 97 89 86 16 99 26 87 91 15 63 72 42 49 42 84 83 55 46 55 59 31 30 42 59 39 23 22 68 30 95 93 81 42 44 52 64 52 90 87 73 22 54 31 68 39 60 49 93 50 39 82 62 10 89 14 42 56 73 94 32 24 93 87 73 65 99 61 50 33 47 36 53 93 66 47 59 61 36 91 17 46 15 36 12 28 52 54 14 81 74 58 50 60 95 57 84 71 38 91 32 48 54 41 87 73 36 53 19 69 95 70 48 36 35 93 11 32 80 26 48 96 20 81 88 56 70 75 84 27 86 42 25 17 44 94 10 99 37 85
78 35 16 15 70 63 35 70 23 13 50 88 57 59 34 57 27 88 33 42 72 49 53 93 89 10 68 12 24 54 25 25 29 70 46 43 70 30 66 33 58 45 12 53 38 45 50 88 75 23 60 75 25 16 13 25 63 53 61 63 99 14 46 40 67 93 48 64 91 48 96 34 58 10 75 68 83 53 85 75 68 12 72 77 71 73 82 80 67 74 35 42 41 36 86 68 62 36 90 16 74 24 33 58 70 71 82 69 19 57 90 81 89 11 76 42 29 45 86 58 11 65 23 97 68 25 71 73 47 62 25 17 35 57 97 38 23 17 27 76 77 73 95 80 84 15 80 32 72 28 25 38 52 70 43 34 54 36 98 17 65 82 62 21 53 88 75 73 14 60
28 65 71 16 66 28 77 87 25 16 94 37 34 44 10 67 97 27 13 57 49 62 61 56 50 56 67 51 21 34 69 92 86 26 42 17 66 44 59 19 49 59 30 22 63 52 11 94 61 49 35 86 84 86 37 35 16 61 59 73 99 65 70 77 17 67 19 61 81 90 64 54 16 84 21 30 64 69 75 59 71 53 84 90 63 54 39 59 86 69 60 82 33 86 37 54 82 69 22 24 92 25 80 52 97 55 59 96 77 64 92 49 94 60 35 56 97 78 43 18 39 92 95 97 17 37 81 10 72 50 78 83 68 40 90 95 85 18 41 11 36 71 51 94 70 53 69 55 52 34 94 94 35 72 62 64 66 86 37 65 75 71 14 14 67 88 38 33 18 64
84 60 20 40 89 79 30 86 86 26 22 78 89 24 48 18 42 76 84 36 24 88 72 45 35 22 96 50 72 58 13 79 18 45 57 58 91 16 33 28 35 75 29 25 49 18 92 25 16 19 87 47 34 27 36 98 47 25 55 91 21 86 97 80 54 54 27 58 77 62 11 53 96 84 43 26 44 25 21 28 72 86 35 85 13 48 16 99 40 20 23 18 57 99 97 48 99 18 34 26 75 57 77 74 40 18 35 55 77 25 32 59 67 31 42 59 37 49 47 58 54 28 54 74 38 73 24 31 67 33 70 80 55 31 85 88 48 70 42 49 25 94 11 50 96 91 10 92 13 44 22 77 10 44 55 80 55 18 53 52 11 15 45 61 30 86 77 63 58 55
86 24 20 71 23 20 82 65 31 64 11 81 86 76 26 87 27 64 14 44 82 73 76 71 28 25 49 98 35 86 55 69 56 48 40 26 39 54 95 86 12 23 73 46 11 13 96 58 80 73 21 57 52 63 70 11 43 48 83 63 85 11 68 27 59 82 17 92 53 88 32 61 73 24 94 81 12 12 91 74 16 68 56 95 92 51 12 54 38 13 24 17 58 83 24 21 25 52 91 27 36 55 26 41 26 93 24 34 70 73 58 70 26 67 10 16 95 93 13 72 83 83 32 36 84 53 78 97 83 73 45 43 32 45 99 17 90 46 33 17 93 34 50 79 58 25 49 58 18 15 48 35 24 48 95 56 52 40 74 28 69 88 33 54 85 68 76 49 40 86
43 62 30 53 72 15 50 57 19 64 78 14 86 58 68 82 52 53 65 13 52 16 74 53 54 49 13 92 35 78 22 32 35 23 19 11 90 42 22 72 35 30 57 63 53 39 71 25 87 43 82 54 61 11 73 54 74 92 96 15 69 70 59 80 73 86 23 60 42 15 62 32 65 61 42 60 97 78 69 74 14 97 26 79 13 42 21 17 23 12 65 97 93 74 33 54 55 53 64 11 45 20 50 50 15 30 50 18 57 14 24 28 58 18 96 62 66 68 66 19 12 42 80 19 89 36 91 17 50 69 96 19 46 27 70 98 49 23 61 19 48 84 36 41 47 58 68 98 72 26 17 70 99 54 90 46 59 71 55 13 34 88 12 90 32 45 15 71 24 85
59 89 27 79 64 47 33 88 16 63 70 59 18 68 94 91 88 45 94 39 60 61 14 77 14 78 40 64 71 89 83 73 55 70 77 26 32 73 41 98 66 18 37 41 99 11 83 70 13 62 56 69 59 89 62 35 33 54 38 25 60 32 32 95 47 20 98 53 88 80 33 26 31 77 14 24 90 55 35 53 20 89 31 13 94 63 98 90 81 33 75 27 69 95 55 57 32 97 18 47 32 78 47 16 71 39 43 21 93 76 46 62 95 79 72 12 20 86 98 23 16 67 90 51 68 50 56 27 47 87 88 62 56 95 64 49 61 33 37 90 75 39 94 27 61 40 70 53 29 55 84 87 51 25 23 86 60 54 97 49 46 74 10 79 99 51 44 19 22 59
93 67 40 28 98 36 37 45 57 11 27 42 85 36 22 46 35 61 69 44 79 91 58 28 74 72 75 55 13 89 45 58 27 63 16 37 30 98 86 53 68 67 51 87 22 18 48 92 49 13 96 68 40 17 73 28 70 36 92 14 29 61 43 56 62 52 59 89 26 22 69 86 60 56 84 79 29 37 51 45 83 89 54 98 94 76 85 62 67 17 68 82 14 11 94 10 47 25 91 56 10 60 14 65 24 85 85 30 92 25 48 98 98 36 65 60 21 89 34 87 28 34 15 99 53 78 49 52 66 87 23 14 81 37 76 12 28 55 34 35 85 64 12 28 45 17 96 75 36 74 38 60 28 13 23 78 39 96 39 34 94 35 65 43 66 68 88 71 92 65
10 42 66 62 93 17 58 29 98 23 64 74 26 39 99 81 80 85 92 56 75 82 24 39 93 41 36 37 71 85 32 73 43 47 90 12 52 58 36 42 69 94 47 15 50 95 90 77 21 26 36 50 28 63 78 57 93 48 77 29 62 73 45 88 60 33 39 91 74 41 76 99 55 12 73 86 73 18 68 58 52 29 57 70 85 66 21 14 23 98 11 26 95 40 79 78 98 40 18 69 98 40 68 66 85 71 70 63 72 80 43 93 39 70 77 64 30 46 82 38 85 68 40 54 39 49 78 68 72 97 75 65 43 67 61 82 92 13 55 81 86 91 36 71 63 71 15 67 30 52 21 25 20 69 31 20 46 65 19 34 92 53 62 52 95 60 70 53 32 95
14 40 62 65 80 23 38 14 54 35 18 20 15 53 12 68 99 70 92 29 76 83 47 18 66 28 71 73 47 68 42 43 31 42 92 14 97 14 99 69 42 51 31 97 83 86 47 70 59 65 61 48 99 95 79 68 40 92 91 84 29 43 37 69 29 77 63 63 20 13 40 78 31 14 84 19 81 97 37 56 57 61 55 48 28 55 88 79 73 40 65 49 93 37 85 60 44 65 64 21 22 71 45 53 45 96 89 35 58 30 48 46 13 20 73 26 12 33 60 40 58 88 19 88 28 24 13 17 40 36 40 63 48 15 30 54 52 70 91 50 79 53 99 17 39 20 43 27 98 94 89 33 70 30 99 84 48 37 33 28 30 30 60 49 66 13 46 14 55 75
91 68 83 71 18 17 67 13 84 61 13 33 24 58 76 12 60 73 54 87 68 31 35 51 70 63 70 44 65 57 46 77 66 96 72 66 67 54 78 20 81 14 95 39 41 29 57 66 60 88 47 65 13 54 80 39 89 23 68 92 44 59 47 42 55 83 97 11 56 29 19 21 66 49 37 29 16 52 44 86 36 66 67 12 23 18 14 48 22 62 87 92 84 29 89 74 93 63 37 26 75 70 10 31 40 73 13 81 13 83 11 84 11 19 13 26 44 92 86 35 62 55 73 24 86 62 28 49 34 58 92 28 45 76 87 50 53 97 42 43 22 85 96 40 24 12 45 71 95 20 91 96 62 51 46 37 92 20 56 37 61 94 19 41 64 55 68 28 41 73
21 62 64 52 77 14 92 59 48 88 12 74 82 82 22 51 21 86 87 11 36 16 47 54 15 28 78 51 97 18 40 71 60 70 49 32 94 12 55 86 81 83 81 55 97 25 81 50 33 36 63 33 38 39 11 32 20 32 35 78 79 54 82 22 17 87 47 98 49 48 16 97 71 90 14 59 36 54 66 37 13 42 66 13 22 81 11 18 19 86 51 74 82 71 46 80 84 14 14 93 96 89 16 66 85 64 65 34 73 55 38 59 91 73 70 48 21 16 72 70 23 71 18 48 80 76 52 96 47 79 50 11 20 87 34 45 65 95 29 64 66 89 20 58 28 58 93 24 57 85 26 35 70 62 18 29 90 43 25 13 14 97 79 44 63 59 17 23 46 54
74 79 62 73 58 89 99 90 75 13 28 88 15 41 79 78 72 84 92 93 20 81 53 38 80 94 79 83 13 21 93 81 81 83 70 91 61 53 78 30 21 48 33 55 73 11 27 26 33 91 39 31 90 41 88 55 23 60 85 26 59 63 40 84 73 84 47 57 51 46 90 55 29 32 86 11 63 71 69 95 59 51 19 61 16 17 81 82 58 35 55 68 16 81 33 42 61 40 64 79 74 90 34 80 29 73 35 84 81 90 77 87 59 29 44 57 34 58 59 24 83 89 27 24 35 91 55 29 27 27 96 39 26 64 39 21 78 47 83 27 46 81 12 67 63 48 98 53 83 31 98 56 28 90 10 21 13 31 56 75 88 97 44 95 33 21 93 11 54 52
32 18 12 94 41 31 98 91 49 31 64 78 84 99 16 15 70 97 50 55 26 81 14 88 10 87 92 52 13 84 60 67 28 73 64 32 96 32 34 89 86 12 28 13 10 88 37 95 61 44 19 72 29 78 45 65 47 35 75 61 90 43 26 13 95 98 65 15 40 82 13 27 82 13 76 35 69 68 67 44 94 16 23 13 61 41 77 60 92 39 47 50 38 52 51 52 44 61 99 28 32 24 12 36 65 52 84 93 99 98 22 60 15 95 55 56 30 11 81 47 45 16 13 53 56 86 46 90 97 48 73 97 36 98 32 63 98 24 69 41 51 87 96 19 86 89 72 53 78 42 61 67 32 52 55 88 16 79 69 42 54 19 76 90 69 47 43 18 64 92
10 60 16 82 77 14 62 86 10 88 95 14 60 81 33 74 34 18 63 41 71 31 90 52 51 99 52 79 66 22 34 22 40 43 63 11 70 60 85 51 10 65 35 96 14 73 49 84 54 28 42 39 39 68 75 72 57 17 59 17 73 69 48 99 60 94 51 33 93 81 87 51 45 66 74 14 33 61 68 37 87 25 33 51 63 56 65 11 66 12 33 16 75 27 76 77 99 27 88 12 28 77 14 58 32 10 62 20 98 16 88 43 10 90 26 73 13 96 31 38 25 88 35 43 86 53 74 24 67 75 26 29 80 68 73 25 80 35 73 83 89 60 20 42 92 81 17 81 84 46 87 37 96 97 99 61 29 62 41 37 55 15 14 60 18 21 78 24 54 56
40 81 23 13 84 60 11 63 66 99 59 83 83 75 53 54 28 17 73 74 89 96 46 39 47 72 14 39 89 96 13 10 72 91 67 90 46 70 85 53 87 88 28 35 58 64 12 28 55 52 88 43 22 76 74 46 26 37 61 26 47 17 87 11 35 12 36 28 62 68 12 37 60 18 48 14 24 53 35 65 34 84 14 66 89 21 69 54 64 91 59 29 90 84 11 12 76 73 13 73 51 63 91 64 22 35 79 48 89 33 81 62 88 34 92 21 90 51 32 57 63 37 78 62 23 97 64 69 95 48 98 71 26 35 89 30 44 66 68 28 53 82 58 54 62 70 32 32 78 38 71 11 52 25 37 81 12 10 84 40 83 71 42 11 28 27 68 35 30 50
63 61 11 23 23 19 81 29 52 26 25 86 43 76 62 23 70 43 73 81 54 91 67 11 47 79 95 87 56 85 71 10 35 47 32 71 99 44 18 85 38 74 37 32 65 72 29 28 80 36 78 20 82 72 72 83 17 94 11 44 77 74 33 74 75 24 81 36 39 34 67 87 60 46 20 76 57 45 63 83 34 75 43 13 76 51 18 95 92 62 26 96 68 24 61 53 73 57 50 56 87 51 70 91 70 18 28 87 60 71 29 30 19 31 53 90 72 94 78 45 36 11 53 13 26 84 56 78 47 85 94 42 90 29 68 12 98 63 42 85 84 36 77 77 42 93 32 33 40 93 71 26 60 16 55 43 33 79 67 76 38 34 34 61 64 72 28 68 43 51
96 90 29 71 57 41 49 60 99 44 35 86 99 73 20 88 51 45 61 51 84 19 62 52 64 47 47 85 21 46 65 70 33 63 80 44 77 10 33 47 44 21 97 14 29 49 78 77 27 41 10 24 80 31 61 16 90 50 99 36 58 31 74 65 11 94 76 86 93 70 26 65 39 87 47 59 90 88 14 45 35 28 29 99 20 59 71 28 50 28 91 97 47 54 54 39 28 96 95 74 73 48 42 63 67 86 70 60 51 59 52 91 93 48 17 89 48 34 48 70 98 58 73 84 42 42 13 66 76 78 28 40 71 40 37 88 92 49 61 92 58 42 91 95 11 82 76 87 43 11 64 37 49 24 27 98 64 12 48 98 52 98 80 52 59 47 94 22 46 90
43 43 29 14 53 85 14 78 68 43 50 89 71 26 76 65 62 63 91 37 23 14 73 61 80 75 15 57 23 62 41 74 20 79 41 59 74 74 69 84 20 75 19 47 76 19 25 55 57 98 79 34 76 86 14 40 73 52 97 65 31 75 14 79 63 31 54 68 28 15 65 78 74 78 25 62 65 92 71 79 58 37 76 40 91 17 27 21 26 49 91 95 53 38 85 56 45 54 94 33 73 14 62 56 71 95 33 18 72 98 77 65 65 41 27 20 35 99 33 48 85 49 48 64 86 16 40 34 17 55 85 26 70 55 72 10 22 38 59 51 86 85 58 85 39 49 63 69 10 18 81 37 17 89 92 27 23 32 20 71 84 92 30 24 25 81 65 26 93 34
46 74 24 50 82 53 34 75 71 71 25 11 85 82 13 13 63 47 74 81 89 83 38 87 88 16 28 52 50 12 65 83 47 65 92 93 43 61 34 78 75 93 11 35 57 31 56 21 96 39 56 94 13 72 64 41 48 87 65 72 80 96 72 86 69 89 27 34 47 95 12 72 80 93 70 18 81 98 43 16 28 76 51 26 21 62 83 92 12 14 18 98 48 43 36 98 12 14 25 60 27 87 54 46 29 51 42 46 49 60 54 31 97 25 15 35 29 45 94 53 61 89 65 91 54 18 49 33 65 19 19 90 12 95 41 94 36 92 12 44 52 63 12 64 50 19 44 76 41 47 62 81 74 60 60 83 62 29 39 57 83 16 31 58 37 61 23 62 98 16
44 48 17 30 24 42 98 37 49 87 26 72 48 62 43 54 18 92 14 47 95 55 42 84 56 98 16 95 41 78 74 43 88 27 89 59 47 42 14 41 32 26 34 18 78 53 37 56 49 15 83 38 75 70 59 60 23 79 70 15 26 27 32 28 48 93 36 53 22 24 63 40 75 18 49 60 13 54 99 83 79 66 83 27 34 90 43 91 56 47 90 29 64 55 17 28 98 86 54 36 78 52 91 24 86 90 75 57 48 57 53 61 49 26 42 50 21 36 92 76 47 50 14 24 78 94 72 30 38 81 83 24 25 19 14 76 63 94 93 79 28 36 96 69 23 14 61 54 99 64 43 32 58 13 70 36 15 84 45 99 19 43 48 80 64 44 87 66 17 28
37 11 56 34 73 31 59 88 32 59 51 97 17 98 77 97 88 84 38 96 57 74 29 78 52 82 90 51 77 89 80 55 53 27 18 72 15 64 33 42 69 11 81 50 48 55 87 20 10 15 14 11 49 64 42 58 36 99 87 25 53 65 78 41 34 48 35 61 96 18 59 32 76 22 98 67 81 44 48 28 75 49 84 10 38 46 93 18 86 59 93 47 56 60 95 80 40 38 44 62 18 36 53 67 96 36 31 80 53 47 16 79 41 17 69 23 58 59 87 22 50 84 93 31 26 99 89 73 17 20 76 55 47 50 35 83 30 69 75 88 50 72 15 28 93 72 19 56 15 61 24 34 36 68 69 53 64 25 32 65 60 94 74 23 78 30 48 58 87 47
43 70 59 64 68 44 57 64 39 78 93 11 57 73 62 83 14 60 94 41 72 74 13 10 53 62 61 80 24 72 51 52 13 72 75 55 91 37 17 67 34 66 75 93 88 68 85 13 75 73 11 30 72 42 30 14 75 67 92 24 29 63 34 28 92 39 77 97 46 46 52 19 16 65 81 56 57 69 78 97 18 14 22 51 58 79 80 16 59 55 92 81 53 55 82 85 15 62 91 22 79 17 26 36 64 41 19 70 42 92 65 93 96 71 31 33 94 34 43 88 16 22 56 18 56 38 44 46 49 53 44 79 28 11 18 48 70 48 16 44 70 41 62 62 71 33 50 40 67 82 29 18 62 95 19 52 13 27 25 13 61 18 99 72 42 92 99 55 24 31
83 15 49 35 27 94 17 21 11 94 94 57 70 56 80 62 76 30 64 81 50 67 99 96 86 57 84 75 34 57 33 46 13 56 69 45 38 15 83 51 20 66 85 60 65 17 46 31 29 65 61 71 41 30 84 82 14 75 14 36 59 78 12 70 41 84 42 41 92 50 80 22 17 91 19 59 87 63 84 44 50 81 40 94 86 19 35 70 55 99 85 33 93 11 85 48 37 50 90 82 55 69 56 77 16 62 62 64 19 97 97 87 48 27 47 71 49 10 91 37 92 92 62 56 34 36 69 36 10 47 36 16 77 97 68 25 97 69 47 48 55 31 26 22 90 47 79 92 92 42 49 54 28 19 91 38 86 10 67 81 56 46 54 81 79 43 29 86 82 27
48 39 89 35 45 12 79 68 52 82 52 72 43 21 42 41 67 94 77 89 26 91 44 30 96 74 55 67 26 97 29 30 92 82 79 68 20 52 98 22 82 57 60 76 24 46 51 65 69 26 95 38 43 87 25 30 70 51 71 71 12 67 98 28 80 55 74 96 97 10 25 82 65 33 29 62 56 56 35 40 31 40 63 23 83 28 95 71 98 73 32 13 84 36 55 92 88 12 75 42 43 94 59 55 85 85 73 20 45 70 45 27 71 57 63 44 56 32 19 34 20 86 67 93 48 36 66 86 52 88 53 55 47 18 45 44 41 59 98 32 67 50 56 34 95 71 27 13 63 89 94 54 90 36 17 29 59 11 31 46 75 10 32 93 43 42 23 54 97 16
96 90 26 44 26 94 73 85 72 64 26 90 73 53 37 80 80 75 64 78 18 19 18 52 92 90 51 76 44 76 35 21 84 18 57 73 69 61 96 25 74 18 89 92 20 88 71 69 63 87 64 66 84 40 55 84 29 82 97 23 55 47 59 48 27 44 36 70 72 60 20 17 78 39 74 45 82 47 74 53 32 95 80 23 21 14 99 99 21 73 20 78 22 52 57 97 32 26 10 78 83 21 19 56 10 37 75 36 14 65 95 42 38 74 56 59 69 78 11 13 83 83 35 23 74 32 37 82 65 65 86 55 30 99 43 17 94 81 82 51 42 28 16 17 57 31 73 12 41 58 55 20 35 64 34 70 94 94 28 78 20 58 17 19 55 83 27 16 89 23
80 75 77 19 50 70 77 74 64 82 26 16 70 17 65 31 55 67 24 29 80 12 31 47 79 51 17 42 63 95 56 60 54 65 62 23 59 96 63 10 62 49 79 11 30 55 66 89 33 94 37 39 45 34 61 49 21 64 41 26 16 33 76 77 62 23 83 15 77 61 21 39 54 92 24 17 46 28 49 70 38 81 68 75 33 54 56 32 23 75 28 99 59 74 76 64 82 10 45 28 14 39 53 95 61 94 62 16 13 84 76 31 45 77 43 99 92 30 38 26 85 82 70 28 55 76 45 33 93 84 11 29 11 39 61 55 41 45 92 36 58 46 56 35 97 76 43 28 29 27 30 10 93 55 80 16 25 88 52 21 81 31 69 93 84 65 26 65 69 15
54 46 13 96 48 50 84 91 91 62 28 38 82 76 36 35 71 38 97 77 65 58 51 48 42 63 78 70 48 12 62 48 25 32 29 72 89 59 85 51 55 30 63 69 18 47 38 56 68 47 86 41 94 75 28 88 15 14 53 29 99 72 40 26 18 48 16 36 89 52 16 46 92 16 56 56 80 73 15 57 39 77 20 82 16 43 32 86 69 71 51 10 36 53 51 71 40 57 46 32 70 11 43 15 29 11 85 88 63 70 28 59 46 72 41 65 38 24 38 36 17 13 33 85 75 13 32 36 31 23 97 75 56 41 82 62 27 61 18 35 32 10 20 24 79 21 29 60 32 63 78 20 63 88 69 36 37 72 57 31 13 46 35 64 31 78 29 88 28 51
32 12 94 73 55 87 82 60 41 55 37 39 66 41 37 55 59 70 32 62 25 47 69 87 83 86 84 41 71 82 82 84 53 90 49 23 25 82 92 24 71 53 60 46 97 60 84 40 57 28 65 91 85 71 97 75 33 80 54 44 34 23 57 53 33 40 65 87 30 96 26 81 14 97 50 60 76 86 67 62 47 94 61 74 35 95 27 63 37 50 87 25 45 66 88 85 24 57 62 49 19 12 82 64 31 41 65 53 63 83 67 81 23 32 41 41 28 14 35 48 85 24 25 32 23 13 49 48 24 38 69 16 63 76 93 81 23 63 29 69 82 85 68 24 95 46 57 55 44 20 34 62 63 23 10 49 57 44 58 60 22 93 13 20 86 26 45 43 33 24
86 17 67 71 83 66 12 35 55 54 33 27 49 77 46 19 14 39 82 93 94 38 90 92 93 79 38 51 53 30 41 86 99 44 42 89 43 76 56 46 30 62 62 23 35 88 78 72 44 86 54 63 14 18 86 12 51 94 70 32 68 98 42 80 66 64 85 28 58 80 37 91 18 34 76 50 82 60 39 65 12 75 80 64 73 34 64 30 27 67 96 97 49 46 10 50 33 22 39 23 13 54 74 74 33 70 37 98 57 64 89 37 38 26 49 45 54 11 28 85 65 37 98 83 55 13 93 38 67 81 98 76 67 71 80 14 60 89 32 90 55 86 34 10 17 37 79 93 61 65 43 40 99 73 96 28 64 44 26 69 28 71 29 84 27 96 15 32 45 94
38 29 84 61 98 80 87 65 23 98 73 55 89 74 96 69 63 34 72 22 95 22 18 93 53 95 99 78 84 90 16 35 46 56 61 13 96 33 45 14 51 90 35 43 76 87 55 75 21 47 62 49 33 13 83 49 13 88 75 50 35 44 73 26 93 15 23 82 98 26 37 49 90 12 93 44 34 52 81 31 79 94 63 15 11 86 24 42 58 22 28 58 42 49 26 73 52 76 51 27 38 98 87 23 18 71 83 12 57 93 60 53 92 56 22 77 86 28 16 38 18 31 54 64 94 29 48 26 39 36 27 90 62 67 81 84 85 61 88 16 90 76 50 62 87 70 88 46 59 27 22 82 10 15 17 47 69 40 20 73 25 13 79 69 24 15 57 79 61 83
34 97 71 69 91 41 86 17 59 77 30 84 82 64 47 93 21 31 26 23 34 98 31 70 15 69 57 59 88 31 55 58 71 56 40 91 30 53 10 55 80 78 42 71 28 58 74 26 57 85 44 19 80 51 68 52 34 11 89 77 75 62 51 78 97 60 25 15 40 67 51 81 92 34 79 62 88 18 34 78 30 11 18 54 66 86 59 97 74 80 60 27 70 48 12 79 60 68 46 43 18 37 73 35 73 11 93 98 19 70 63 78 85 22 31 50 46 78 36 82 97 37 68 87 69 23 37 88 88 11 21 70 92 79 45 20 44 80 58 44 82 28 14 74 15 54 63 88 17 72 92 11 48 42 47 91 74 31 35 14 65 85 25 80 50 82 48 17 42 41
28 70 46 98 91 51 38 76 85 76 86 74 44 83 60 34 67 69 13 93 56 55 91 86 16 41 12 98 20 84 15 55 24 30 17 63 68 62 20 53 35 84 40 63 35 24 34 85 83 37 99 84 93 92 62 73 36 10 65 82 22 14 44 77 38 37 59 87 71 95 22 12 85 49 63 19 66 46 48 18 75 46 62 30 49 19 44 34 89 49 33 56 53 15 36 52 18 99 26 19 52 31 79 78 89 66 23 14 42 33 69 12 11 51 91 92 93 70 69 51 81 37 48 31 68 25 53 33 60 56 32 59 44 30 70 26 12 69 62 63 81 42 26 82 58 40 60 17 16 69 39 97 19 48 15 29 82 88 46 25 60 45 66 71 15 26 66 29 62 16
39 96 84 27 71 12 77 19 87 19 91 51 52 40 13 32 82 40 88 70 86 25 27 25 43 74 98 62 31 22 17 20 59 58 64 56 79 25 48 72 90 81 93 99 30 23 81 48 51 22 84 95 53 96 75 20 13 66 64 39 91 96 51 58 79 55 96 69 23 50 88 18 23 53 74 46 80 31 61 83 92 45 33 46 98 79 76 42 86 56 61 20 70 44 30 69 39 93 89 25 98 14 71 18 89 51 47 61 88 87 97 31 24 45 50 96 30 44 62 12 66 73 84 85 63 65 56 84 75 10 21 67 50 71 69 26 71 41 17 52 84 31 69 68 14 88 83 94 13 20 95 34 73 75 62 32 96 26 55 96 39 72 21 74 53 75 15 58 33 85
72 66 85 99 22 59 97 30 82 66 60 61 57 52 22 54 66 44 71 36 30 51 63 75 22 82 20 51 87 29 91 65 29 57 24 76 40 86 63 71 24 36 78 26 63 73 33 48 71 46 19 47 91 31 46 39 77 13 81 76 22 73 15 63 37 16 94 21 31 60 80 99 17 94 19 65 65 22 72 67 44 53 65 22 94 70 15 15 75 36 56 77 97 51 79 93 77 70 79 21 78 53 20 64 32 25 26 61 31 37 94 29 42 17 48 80 94 74 68 73 48 36 23 27 89 21 60 89 62 87 52 49 58 15 94 44 86 38 80 66 30 12 69 46 37 92 79 20 48 35 25 56 13 14 27 14 25 33 45 85 21 40 50 83 45 37 77 24 32 34
20 63 21 24 79 80 54 43 90 38 54 73 64 30 20 22 23 34 19 62 22 87 39 57 27 77 76 50 98 96 40 22 53 22 36 71 67 87 18 38 15 52 86 33 45 61 47 38 30 76 24 61 28 93 62 12 50 18 85 66 81 31 89 36 47 48 68 92 45 48 46 68 89 33 13 37 37 76 40 49 84 99 86 34 52 49 27 49 46 85 76 35 50 15 72 14 58 76 91 32 57 46 55 88 69 53 43 81 40 93 74 60 88 42 31 35 21 65 79 54 20 47 56 30 89 15 40 26 75 79 23 94 20 23 47 26 98 28 69 28 48 15 97 87 73 53 33 59 66 77 43 13 10 80 89 35 86 23 84 75 25 60 37 99 40 70 23 31 45 21
43 89 70 49 87 48 29 35 21 48 46 96 72 71 48 89 58 66 60 15 43 24 27 22 91 98 97 42 76 11 10 33 41 48 66 11 28 84 95 43 35 55 92 34 72 71 29 33 36 46 60 93 77 12 48 10 58 46 94 51 71 63 86 48 57 55 40 85 84 20 68 92 18 64 40 84 52 39 50 47 11 60 49 80 43 91 46 32 83 60 27 86 53 84 13 45 55 54 99 37 42 84 10 80 83 71 58 63 89 63 42 75 19 42 71 71 80 53 59 52 54 17 16 33 48 24 78 64 27 64 17 35 50 57 98 98 35 21 86 83 62 21 12 25 45 36 30 15 51 49 85 85 71 59 56 58 95 81 70 82 56 66 14 65 47 46 23 60 85 57
41 26 82 99 28 82 93 41 64 49 23 76 43 41 63 21 69 73 87 42 11 38 40 18 65 25 68 85 90 79 89 19 17 30 13 31 91 77 29 27 84 25 44 43 78 98 98 59 87 82 19 58 49 27 65 30 74 59 92 32 25 98 68 23 58 95 44 90 32 31 73 62 71 35 49 74 29 13 12 97 64 45 16 39 82 85 45 51 21 19 26 24 79 16 64 90 83 55 16 83 61 31 87 64 50 43 81 35 51 38 69 72 23 72 58 90 64 35 22 38 33 88 76 34 91 50 31 22 52 10 56 66 85 72 63 99 53 32 97 61 81 60 81 21 30 31 58 93 75 80 10 44 82 51 31 42 23 62 57 76 89 50 89 77 85 65 88 84 58 59
22 13 24 22 86 84 21 78 87 89 69 59 28 14 56 68 15 43 28 59 89 38 41 25 55 38 87 82 12 20 83 62 57 29 46 19 45 85 71 19 28 37 22 56 69 17 12 54 38 88 48 47 89 70 56 26 61 93 64 55 47 70 57 30 12 97 84 22 54 51 48 48 26 19 50 61 12 61 40 39 10 13 14 15 59 29 60 62 97 22 43 11 99 51 16 35 68 70 37 14 39 26 92 76 80 72 37 77 39 71 70 86 37 92 99 16 27 47 59 89 93 86 58 74 16 81 62 95 66 95 41 68 76 69 72 11 40 54 63 25 48 41 92 81 16 42 12 85 91 51 52 78 57 99 20 99 51 96 74 13 78 25 99 73 51 64 48 96 31 23
42 14 58 89 35 25 93 42 56 36 80 10 71 84 69 22 18 32 16 15 26 13 73 98 46 52 11 65 28 75 26 14 65 87 73 58 43 64 12 84 33 82 20 72 22 13 26 72 17 74 43 16 22 92 61 26 52 90 70 25 91 81 36 98 20 48 63 34 52 50 63 41 74 94 75 89 42 34 60 65 59 65 50 41 20 46 76 94 46 48 28 76 89 16 50 48 79 25 52 47 95 83 15 19 61 37 81 99 93 23 86 28 64 12 47 55 55 21 35 63 55 43 19 31 70 11 76 82 91 33 92 82 26 99 42 46 21 36 32 99 63 34 93 29 20 84 48 26 56 35 85 59 46 96 25 72 52 67 13 16 47 41 40 34 11 32 97 70 51 40
90 62 89 11 87 27 90 12 40 54 48 90 40 18 41 11 68 49 46 66 16 89 49 58 22 59 11 50 59 23 63 87 97 30 13 40 59 19 86 55 13 87 85 12 68 54 18 63 73 44 20 80 82 76 18 88 42 93 60 85 37 33 84 53 40 91 83 77 91 36 16 12 71 89 73 43 93 59 33 30 26 35 42 83 34 16 67 38 30 17 38 11 82 92 81 56 85 21 92 84 63 43 91 30 39 74 94 76 80 55 85 27 33 34 33 81 67 47 43 30 22 22 54 79 10 90 37 68 20 35 26 29 96 30 16 98 14 53 65 27 98 67 32 34 56 31 21 18 43 57 67 90 21 20 42 75 34 99 38 92 32 16 69 10 23 31 34 55 34 36
75 51 83 96 84 48 13 90 29 76 45 61 15 91 41 61 94 62 68 58 35 79 14 84 24 35 12 34 16 58 18 47 15 58 71 66 86 32 37 85 37 66 62 33 97 27 23 36 65 44 10 53 73 62 40 17 61 10 42 86 96 16 88 81 69 73 79 69 71 61 60 86 15 73 76 20 94 90 56 79 51 96 70 45 58 68 71 26 90 19 56 37 82 97 36 36 57 46 77 33 24 86 12 81 37 37 10 99 61 17 63 24 48 12 83 33 71 30 71 60 40 17 25 90 95 90 85 46 25 90 38 36 87 44 15 49 93 95 92 76 11 27 80 58 41 59 95 53 55 32 59 67 93 70 78 86 67 21 23 74 49 46 71 20 17 94 41 18 10 20
11 20 27 51 16 48 92 46 98 33 20 89 55 41 53 41 36 35 70 35 55 33 32 26 48 80 75 91 75 26 57 26 47 91 55 70 57 56 15 87 44 26 71 20 66 92 48 26 21 29 82 36 88 53 75 73 38 86 13 70 61 80 30 94 30 96 26 33 92 78 56 86 55 23 35 96 23 41 82 96 80 77 48 33 13 50 63 28 18 61 70 50 49 70 76 96 13 54 15 17 20 70 23 95 56 96 86 27 72 57 78 95 60 56 65 87 47 17 20 39 41 24 27 24 97 90 50 58 96 43 28 48 15 75 85 70 95 38 93 85 81 46 59 70 52 22 86 79 92 63 68 46 36 63 25 21 57 14 57 96 40 75 86 31 12 26 35 75 19 28
41 53 69 78 73 40 19 62 13 98 85 24 99 50 14 69 30 70 26 68 71 26 89 59 81 14 34 71 19 84 15 88 79 26 79 34 66 11 86 57 37 61 72 24 48 88 75 59 51 11 80 28 56 10 38 24 60 10 83 82 33 61 74 67 51 29 87 35 10 89 87 41 47 25 99 26 80 58 64 89 44 49 71 82 24 38 86 74 54 55 29 54 69 40 45 89 23 85 38 63 97 14 21 82 17 19 58 82 76 40 60 21 28 15 19 47 34 86 77 50 75 70 43 72 91 10 82 64 69 27 19 62 42 62 21 81 58 14 85 90 26 52 64 88 68 52 56 80 76 62 42 60 21 85 34 18 16 88 85 79 16 88 12 64 58 89 13 47 93 53
31 51 34 49 61 62 48 96 18 96 58 40 44 11 86 52 60 96 20 60 43 19 50 42 68 46 31 23 13 32 74 45 30 30 18 27 67 40 72 24 33 76 51 82 78 94 60 42 52 84 75 83 33 97 63 73 27 55 59 81 94 13 58 18 60 65 69 85 95 89 50 76 22 53 89 36 23 77 81 41 28 95 38 73 26 21 36 12 82 25 58 74 82 26 40 78 51 72 91 13 40 83 54 77 29 37 84 74 47 57 87 25 13 56 41 61 28 37 26 79 54 28 96 58 54 76 70 32 33 69 78 86 99 63 10 94 24 25 97 72 83 78 91 75 93 47 13 91 94 88 90 69 34 93 63 82 49 16 48 46 87 59 89 18 25 15 80 36 98 87
18 97 57 46 46 76 29 20 80 20 46 19 25 66 56 72 28 32 87 72 76 75 57 33 82 79 49 68 16 16 21 97 75 77 87 30 40 14 14 90 84 48 21 96 49 17 95 97 22 63 83 20 49 66 41 73 11 37 19 49 84 36 44 94 81 41 31 57 82 23 86 83 64 15 54 38 30 40 11 37 73 47 98 67 19 55 31 15 22 54 42 86 60 76 28 38 96 60 25 12 52 68 53 35 74 87 39 54 21 46 60 57 69 93 31 56 73 81 39 32 46 32 15 43 71 29 64 24 12 90 44 23 43 99 22 29 30 14 61 84 94 62 34 49 68 31 31 71 19 12 40 89 32 55 15 89 20 11 23 57 79 30 54 84 10 86 79 48 68 24
27 32 99 81 23 85 99 19 43 97 44 37 50 78 35 25 61 41 11 62 99 81 12 15 96 16 12 22 19 10 16 65 70 69 62 36 30 68 96 49 56 66 49 97 84 23 49 72 39 83 85 37 22 76 34 39 53 68 81 41 44 71 23 67 63 66 38 96 71 32 59 65 28 81 87 31 91 84 17 96 74 84 94 44 11 60 72 82 25 99 35 16 72 90 60 46 73 21 54 72 98 18 39 25 20 73 19 12 96 30 28 31 51 99 83 50 99 82 66 50 69 39 76 95 77 35 33 33 95 32 85 21 15 97 62 97 41 54 11 71 88 78 64 71 91 36 49 89 33 36 14 83 99 92 93 59 26 59 30 64 53 62 55 36 94 25 52 27 87 53
43 35 63 32 77 35 99 27 55 85 47 82 82 22 56 53 34 92 92 47 93 94 18 80 39 50 40 46 99 95 27 94 92 94 62 90 96 45 35 47 67 77 68 14 25 34 14 90 76 65 81 55 48 61 59 71 98 58 57 48 50 73 51 47 53 61 53 55 51 68 82 89 46 45 18 70 48 65 45 16 41 95 93 65 12 98 26 33 98 26 93 18 66 66 74 36 77 52 88 44 72 64 35 65 67 19 95 20 44 96 48 72 32 49 70 87 71 65 88 18 80 43 50 88 56 98 80 15 97 96 74 55 41 98 41 80 20 88 55 47 96 60 19 60 78 96 14 46 29 29 11 47 27 51 72 18 76 46 85 34 89 29 68 58 54 68 77 81 16 25
88 39 39 45 38 53 13 85 20 36 25 37 11 87 49 59 79 78 99 38 36 18 22 36 38 61 80 87 22 40 38 13 10 16 30 60 92 41 28 13 70 37 37 13 85 42 37 59 18 40 54 35 11 34 23 41 44 65 65 80 35 51 56 85 18 81 98 49 60 85 86 63 58 25 25 41 18 10 56 74 99 96 97 75 71 50 46 69 40 33 53 45 20 19 97 39 52 10 90 98 46 22 58 46 98 38 56 57 52 91 94 60 14 37 72 69 24 50 19 62 69 83 19 82 35 31 50 70 36 47 18 46 54 10 68 48 58 44 70 98 64 15 24 31 93 55 38 72 12 54 33 79 89 23 60 25 26 23 37 96 81 48 12 22 86 73 23 68 31 72
33 63 85 26 73 38 92 86 18 68 24 10 32 45 53 77 80 84 50 69 73 52 23 97 33 56 29 90 82 56 47 78 26 47 52 23 83 72 76 47 19 87 42 32 92 13 91 56 40 86 17 90 61 58 93 28 79 25 20 38 55 55 38 10 91 25 12 53 89 90 27 54 30 25 43 97 67 98 45 77 31 70 92 55 22 43 29 84 71 50 47 63 77 47 50 29 74 71 46 68 54 39 31 37 94 20 83 14 69 65 73 20 24 46 34 31 26 57 24 65 85 73 42 44 79 49 49 43 64 14 73 82 81 38 20 89 26 28 59 39 18 49 54 34 83 85 52 94 92 35 63 25 55 90 20 73 89 83 92 70 47 39 93 39 38 63 16 97 66 45
26 76 22 58 60 81 14 88 67 12 65 61 84 48 25 17 95 31 22 94 83 64 19 62 25 23 56 55 79 57 14 97 34 37 11 90 12 69 59 85 90 18 77 16 14 69 53 27 34 99 53 50 22 69 67 74 80 18 42 11 12 29 95 52 94 28 25 86 75 75 89 91 13 51 71 25 22 29 42 66 10 33 72 98 99 53 75 13 68 95 70 83 67 94 89 73 67 31 14 42 92 87 54 80 81 44 28 99 66 10 25 81 73 94 82 27 78 65 33 26 29 65 81 63 16 61 11 15 14 85 96 42 30 96 22 21 19 93 76 27 74 67 22 90 38 18 86 80 15 59 75 83 44 74 96 18 66 42 55 70 38 96 99 79 97 82 80 10 37 38
94 44 63 36 67 83 76 75 70 64 13 79 30 87 67 76 50 58 30 81 29 15 89 79 85 41 60 81 90 56 88 14 79 67 10 91 76 73 50 12 99 26 42 17 62 84 69 23 89 64 68 45 80 88 20 81 46 39 57 50 40 39 44 12 61 25 89 13 65 44 81 10 22 71 94 30 37 16 33 35 35 78 25 66 24 62 37 82 61 18 44 32 84 23 24 16 93 31 67 69 29 87 20 56 67 79 81 79 40 87 85 46 29 31 45 18 61 47 30 23 62 71 43 95 37 88 44 64 26 56 74 39 80 41 50 78 97 55 15 90 89 23 86 89 68 96 10 72 61 60 10 66 99 16 23 73 60 34 64 85 14 71 55 49 35 94 73 73 21 81
27 36 74 38 49 56 51 24 59 23 60 71 28 64 29 93 72 53 22 33 35 68 30 42 26 24 34 64 40 71 74 94 61 49 36 88 83 88 31 76 70 61 99 78 34 90 97 33 74 23 77 55 59 91 99 66 16 38 41 75 44 86 36 85 65 99 83 59 39 24 14 71 52 30 47 23 23 78 94 63 23 34 38 28 65 77 62 61 38 15 23 81 69 18 52 45 43 53 91 71 20 66 49 62 50 97 32 26 98 58 46 68 59 30 38 29 11 83 81 52 44 56 88 82 52 81 75 70 91 69 29 83 77 97 27 10 49 28 70 53 52 23 91 85 43 97 63 48 33 97 28 11 46 78 26 74 69 55 57 39 82 62 39 73 10 49 46 72 27 69
69 24 38 94 49 62 58 48 19 42 58 89 57 23 89 99 35 57 82 69 71 97 78 59 89 64 64 26 35 35 23 55 77 75 81 73 97 67 50 10 47 75 66 62 57 67 33 67 79 41 77 91 20 55 45 95 92 42 50 34 33 18 41 51 63 11 99 25 45 75 74 67 43 41 62 97 42 34 50 84 99 55 46 92 43 94 45 27 66 66 18 91 46 61 54 47 69 16 93 82 28 57 75 29 23 75 48 28 28 57 12 65 12 20 20 93 84 91 52 88 69 62 17 99 51 49 76 71 27 33 54 11 74 70 91 81 67 69 95 68 32 15 47 29 76 38 81 90 77 49 61 70 38 59 51 55 47 60 75 14 30 64 73 75 94 94 53 65 33 55
