130 120
12 86 58 37 44 74 11 91 92 23 29 95 97 98 13 45 46 58 47 90 28 26 24 58 39 59 69 18 77 88 38 58 57 61 75 27 11 71 14 18 87 91 45 23 74 88 24 21 99 77 28 99 50 66 29 20 96 64 57 98 92 18 63 94 34 41 66 73 80 59 84 82 49 10 22 28 58 43 20 74 14 85 62 33 48 13 12 57 38 14 64 73 31 69 11 20 90 93 79 67 32 86 89 80 68 74 61 20 84 77 57 61 23 60 79 34 10 45 97 66
92 90 29 97 17 98 67 99 92 65 26 95 64 58 27 73 81 40 41 96 11 39 64 82 93 54 59 60 72 17 53 25 55 20 40 27 12 34 48 15 29 25 27 40 20 98 80 15 10 52 43 12 85 44 70 90 64 68 73 40 56 10 47 90 90 14 67 44 99 69 94 29 27 22 59 52 42 98 60 79 32 52 56 22 29 73 71 54 27 25 39 10 60 41 55 51 79 29 24 45 72 30 79 24 77 76 91 89 12 61 65 44 50 27 11 61 44 25 72 84
11 29 44 77 36 67 97 51 53 48 99 38 73 36 58 17 33 59 69 76 32 90 54 86 49 69 21 43 48 56 26 25 11 87 95 61 96 86 82 87 36 65 34 39 98 58 64 44 28 33 79 67 64 50 84 32 38 54 35 48 97 21 47 16 68 83 15 50 20 79 61 30 23 53 53 52 33 29 31 28 58 76 88 82 72 18 55 99 98 96 90 64 81 97 49 55 17 92 65 21 56 39 33 20 74 16 85 38 12 93 10 92 82 88 21 86 69 50 33 10
64 99 10 41 30 21 35 45 73 26 72 20 13 35 92 94 86 60 67 72 65 41 24 44 14 27 46 67 55 55 40 68 85 99 78 95 58 50 68 73 72 32 70 27 14 32 86 81 55 30 26 83 54 92 45 37 71 72 77 59 53 57 74 83 84 50 22 87 27 11 94 15 80 91 59 24 27 49 56 19 51 86 79 17 31 53 97 18 29 47 68 55 65 98 33 81 87 67 78 96 44 14 55 50 18 51 47 81 41 54 45 67 85 17 75 52 19 17 41 95
17 78 22 11 46 42 34 79 11 52 93 24 70 48 10 13 80 74 98 71 68 32 34 62 39 14 26 76 20 57 68 11 26 85 72 73 88 39 36 66 98 23 64 15 45 68 44 22 50 15 40 43 70 34 53 58 57 72 67 93 61 55 84 81 57 95 86 45 56 32 41 19 31 58 49 38 12 50 20 90 27 25 83 69 61 68 50 48 80 66 20 86 22 38 20 12 87 96 98 34 66 57 63 73 46 71 32 77 41 74 28 26 25 44 54 47 26 57 14 21
37 90 79 22 33 51 72 22 81 86 87 60 33 34 93 82 20 31 16 26 75 29 80 22 17 49 59 29 95 61 65 61 94 33 91 87 75 19 85 17 64 57 57 57 57 55 60 12 91 66 99 96 46 61 34 65 74 34 42 89 59 45 78 99 95 97 94 63 86 37 18 23 74 75 86 38 86 77 39 28 73 62 31 61 17 13 66 82 49 82 94 80 10 91 36 80 23 50 25 20 94 75 41 61 80 57 82 97 18 40 42 25 87 95 89 95 64 12 72 94
28 51 32 20 76 11 87 40 46 12 69 64 35 98 30 73 98 58 97 44 97 59 95 24 99 21 44 65 27 40 17 33 89 90 74 51 91 92 36 48 14 66 58 16 50 83 98 45 11 98 81 18 15 37 87 10 87 65 62 27 20 90 47 61 37 26 60 42 40 64 47 39 76 76 76 94 90 11 16 90 32 34 92 29 12 29 47 71 92 43 77 53 29 22 37 54 29 23 34 77 71 84 61 56 48 54 49 78 29 61 96 61 43 62 68 69 25 46 55 28
35 93 89 92 36 22 13 29 38 63 35 85 79 10 76 95 47 10 28 41 79 22 23 57 83 13 27 19 44 57 45 80 34 31 27 90 69 61 30 40 95 27 42 42 56 96 45 42 90 38 79 51 40 54 85 90 72 69 33 27 60 54 78 31 95 59 60 45 58 28 49 47 94 99 55 98 54 45 15 27 88 55 56 94 72 22 13 37 56 99 82 31 93 94 13 88 13 60 32 45 91 75 22 91 47 31 70 51 81 37 64 97 29 76 35 33 78 79 90 61
18 12 53 75 53 62 89 30 81 94 93 33 50 30 90 31 69 73 48 45 98 13 93 14 22 19 40 74 49 21 92 20 49 37 42 52 23 40 48 35 72 25 46 40 53 55 52 18 49 95 95 23 73 63 46 44 57 35 65 77 87 47 59 83 90 75 29 15 47 57 12 86 50 75 18 15 89 68 22 23 56 73 45 16 93 32 13 32 27 83 79 57 21 13 66 79 34 52 13 77 80 19 52 16 10 82 85 80 94 93 80 78 14 73 97 54 93 87 35 23
69 79 48 66 75 96 16 47 25 35 99 26 75 10 95 61 93 70 55 63 23 95 19 72 70 64 48 89 93 62 45 98 37 94 36 46 80 46 95 41 11 48 49 49 12 77 54 90 53 10 62 60 90 36 62 14 85 54 73 99 23 60 84 40 83 41 76 26 76 85 46 61 32 95 37 89 17 97 29 82 73 88 97 56 14 37 35 94 16 53 17 32 27 34 94 95 10 38 40 24 88 38 30 78 62 30 95 94 68 14 88 15 19 68 41 52 71 23 74 50
17 90 62 83 39 19 43 10 46 74 46 28 46 21 49 60 98 19 48 72 61 99 61 54 20 68 32 55 11 65 87 81 44 48 92 72 17 90 87 15 95 48 34 99 20 35 51 41 29 65 63 71 36 61 17 18 21 62 42 57 84 82 54 57 26 45 87 56 27 36 68 15 64 53 84 93 32 78 23 21 39 98 48 63 71 81 21 33 65 73 90 20 31 57 19 84 80 52 39 75 37 37 16 25 41 47 76 50 74 79 60 31 63 90 35 43 80 52 48 98
71 55 43 20 79 46 53 12 61 13 31 19 83 14 62 57 23 82 51 26 38 47 48 14 11 23 79 84 71 85 55 94 12 78 17 51 80 16 39 17 90 63 29 45 84 13 48 60 36 10 75 20 56 58 48 77 36 49 29 30 71 87 82 74 15 68 20 92 88 72 27 97 98 56 13 45 79 18 69 17 97 55 70 96 98 51 29 56 36 81 75 73 65 70 31 92 71 97 62 75 78 76 89 24 74 85 54 51 54 87 52 15 58 18 92 46 14 97 89 24
70 45 73 39 77 67 14 57 31 20 52 20 15 12 30 42 64 71 61 89 52 17 75 94 26 99 54 83 74 17 38 94 37 65 21 70 84 39 80 54 75 31 63 94 49 13 91 69 20 94 42 61 72 33 63 29 58 87 75 93 86 38 95 89 52 35 36 71 68 24 80 75 94 17 99 15 37 97 91 53 45 62 17 32 76 96 68 15 97 57 43 46 12 34 23 81 28 33 49 22 43 88 63 47 88 49 64 66 30 61 88 40 95 52 16 87 59 75 20 40
40 61 49 27 53 76 50 90 30 81 84 28 81 78 95 41 84 20 39 69 80 42 70 26 49 35 98 72 49 35 95 65 46 99 91 56 29 84 45 80 67 78 23 11 71 58 50 77 90 18 40 62 62 32 48 77 25 99 38 75 70 87 53 77 58 22 83 55 99 90 24 67 16 54 69 65 17 21 70 64 51 66 95 80 86 50 83 99 94 65 30 42 76 69 12 82 33 74 90 63 66 20 86 69 94 77 60 76 64 90 45 97 11 78 91 61 93 21 51 97
80 78 67 57 97 34 35 75 58 49 19 72 36 84 36 26 44 97 70 68 36 17 83 80 14 17 99 43 51 72 45 87 64 38 57 79 13 49 23 31 30 59 30 64 44 77 86 15 25 20 58 98 47 53 33 94 11 32 39 78 85 18 11 17 13 34 58 58 84 23 86 89 44 78 95 61 97 71 49 48 29 19 23 15 47 93 61 20 92 77 79 16 21 38 27 90 28 40 45 92 34 31 37 35 48 55 39 74 33 35 71 47 29 70 55 81 38 12 12 77
15 67 70 24 49 77 71 35 54 17 14 72 27 61 98 33 79 10 52 31 42 46 30 55 61 89 10 68 68 71 63 61 45 37 61 95 43 67 77 45 28 93 16 84 27 38 15 29 77 52 16 12 42 74 47 23 80 72 91 60 54 67 34 63 91 25 78 79 23 31 63 90 47 40 69 25 64 53 52 44 43 90 60 32 63 56 67 46 54 73 95 61 88 49 80 72 39 23 63 16 27 48 83 57 56 97 75 83 50 79 55 40 37 75 39 31 73 40 26 23
44 19 50 54 17 85 66 54 79 19 59 72 11 34 67 85 82 90 51 82 38 75 55 21 92 24 65 54 26 87 31 50 25 64 58 36 13 56 94 10 40 43 52 37 13 76 43 12 44 23 29 12 20 85 88 86 21 43 96 95 94 91 61 67 92 56 50 73 52 21 68 46 82 82 22 42 97 86 42 13 19 22 90 49 31 24 42 12 69 83 70 66 29 44 46 49 31 11 78 42 47 92 47 95 79 80 54 55 94 37 22 59 91 77 99 12 15 69 53 62
13 66 62 27 54 33 52 67 10 79 94 56 22 18 75 82 20 85 60 10 66 67 38 37 67 20 66 54 63 23 71 59 96 76 69 84 30 86 26 68 90 59 19 74 92 57 99 34 25 37 74 56 72 52 75 23 83 20 45 61 57 41 32 11 59 42 35 38 59 91 69 41 70 36 32 14 44 21 46 22 67 43 42 79 52 99 67 27 50 35 74 29 33 56 19 92 97 26 62 10 58 75 36 82 94 26 51 12 80 79 60 38 76 85 20 32 75 52 70 14
70 84 48 68 87 59 69 81 59 71 99 54 55 93 77 96 45 31 78 76 98 74 92 45 29 21 52 67 11 76 11 37 66 64 40 66 53 74 34 33 14 28 91 73 86 51 88 11 61 11 87 95 16 10 48 83 28 71 81 84 13 97 93 53 13 40 66 60 97 44 30 33 93 99 76 12 17 47 50 54 72 73 37 95 58 95 11 15 24 65 85 13 60 87 22 97 98 42 34 92 79 98 78 54 88 28 88 60 85 59 94 86 60 69 29 44 48 31 48 60
92 97 58 44 38 45 23 21 28 95 83 15 81 52 79 16 60 38 34 77 66 38 50 55 11 88 77 19 12 35 17 52 47 45 73 60 35 21 73 68 56 87 13 91 97 53 46 58 83 11 66 39 57 91 82 65 74 18 61 50 82 72 66 58 62 64 44 56 59 50 64 13 37 44 76 24 37 88 63 21 64 73 84 26 60 46 69 30 95 11 50 55 40 92 90 11 14 74 67 46 28 68 96 82 84 40 15 63 23 26 14 59 73 82 27 63 21 83 10 14
43 12 79 59 65 75 80 24 60 41 94 35 92 12 96 68 82 18 83 84 36 92 62 63 33 14 67 14 41 89 80 47 30 84 17 68 48 83 68 95 21 80 73 40 71 83 39 50 22 64 10 69 23 99 64 57 62 19 57 97 94 22 71 25 61 11 49 14 35 71 75 18 44 35 22 52 49 31 97 24 21 33 62 10 76 50 62 98 24 34 51 89 39 83 57 82 75 56 32 42 43 44 62 35 25 91 21 27 18 33 55 43 86 65 92 47 62 13 18 41
64 11 49 70 96 51 55 42 43 83 18 48 48 54 55 79 83 65 80 44 16 30 99 94 44 12 68 37 17 83 91 52 87 58 68 18 67 30 34 61 54 37 12 28 18 13 16 66 64 53 87 45 65 89 37 27 21 67 21 27 81 99 20 29 58 97 81 34 42 17 32 71 31 86 82 38 60 66 44 48 91 63 20 19 92 67 35 95 74 38 70 47 11 97 19 70 44 84 46 76 66 13 16 12 75 37 26 79 64 27 54 54 84 28 35 97 67 82 65 39
26 58 96 69 89 92 41 19 38 78 53 96 45 81 45 95 11 67 32 43 31 47 58 44 16 46 41 47 44 69 77 56 12 24 86 87 24 80 71 60 33 99 27 13 14 52 23 16 66 66 93 58 37 85 72 30 26 85 88 11 15 24 87 92 72 79 93 17 46 62 71 88 67 53 59 55 68 75 58 55 61 48 18 27 80 51 81 72 89 87 50 98 61 29 37 85 89 94 94 26 37 12 82 45 58 30 19 42 81 37 99 21 29 74 49 88 76 40 60 87
25 76 78 33 38 85 77 37 11 55 90 36 15 70 92 95 99 70 83 53 86 36 65 25 54 44 37 11 93 55 88 38 32 46 91 24 75 71 74 19 39 47 46 13 54 41 23 61 53 25 98 56 36 75 28 91 81 49 20 99 79 29 57 94 93 19 51 37 50 75 88 15 44 10 16 76 20 17 61 20 65 58 82 79 67 27 36 54 70 32 56 32 94 23 43 19 93 42 64 80 57 30 70 91 43 50 75 41 24 13 50 52 93 53 31 50 93 76 52 77
72 94 38 48 44 66 46 84 27 95 41 59 88 31 87 96 57 63 28 73 60 15 20 74 16 98 40 59 82 69 25 61 31 30 86 48 60 61 96 69 76 60 58 33 21 85 43 15 75 73 44 58 47 17 40 23 41 54 30 44 32 90 49 49 46 88 15 86 84 20 37 75 72 88 63 27 14 11 36 71 58 55 93 60 13 64 89 94 61 84 35 83 19 19 67 21 55 13 38 10 39 90 88 29 53 71 97 97 70 30 37 35 40 41 79 55 10 46 69 11
32 12 43 77 87 76 42 57 48 17 15 42 43 50 41 27 18 20 37 38 41 16 85 29 90 55 18 73 81 10 12 49 16 69 28 73 23 61 76 30 42 48 32 31 53 10 17 85 22 41 51 93 48 20 99 57 24 21 12 67 10 10 55 75 34 33 71 20 70 29 71 69 78 28 33 95 21 51 67 27 98 16 55 21 75 85 59 82 81 95 30 30 20 59 17 51 99 30 71 17 82 58 68 73 41 67 29 40 66 83 11 41 96 21 24 94 78 12 97 81
29 84 78 52 70 88 51 96 66 90 60 71 20 31 38 19 48 34 62 21 61 26 71 41 79 37 20 50 32 94 96 31 25 16 75 19 62 71 35 49 24 74 76 91 78 19 58 21 52 11 40 20 70 49 30 33 65 32 84 43 37 73 55 23 89 83 45 19 43 77 29 63 75 76 56 22 90 13 90 32 80 36 93 48 43 47 55 74 52 37 40 40 26 44 90 13 96 79 32 62 96 53 48 90 69 36 31 35 63 44 22 75 38 71 13 97 14 90 74 41
95 12 72 79 88 28 17 74 46 58 71 39 79 36 63 56 59 74 43 84 53 18 51 64 88 87 92 41 33 20 14 20 20 51 57 82 55 10 54 51 98 27 44 88 20 77 14 22 96 68 80 51 53 70 96 56 67 20 83 80 78 95 50 28 91 97 78 50 78 61 87 48 39 22 12 64 94 13 18 25 23 25 98 19 73 89 93 17 41 25 60 44 95 86 40 43 87 14 35 19 22 59 64 64 80 55 34 27 44 39 63 24 64 17 70 16 61 56 96 70
63 97 37 60 46 12 82 62 21 98 84 31 63 53 60 66 32 48 74 75 84 77 39 60 44 10 60 45 97 16 34 74 55 10 89 37 75 39 59 18 56 23 90 23 63 36 62 36 92 93 96 49 64 44 80 43 99 22 13 52 17 70 66 39 56 68 18 59 35 51 36 33 45 73 17 49 50 49 66 39 13 92 82 60 52 91 96 70 98 35 60 67 75 60 51 13 68 66 66 84 55 10 99 88 84 42 46 31 32 25 50 78 22 65 29 31 69 50 37 76
39 53 25 74 89 85 95 58 26 32 87 26 99 73 43 82 23 74 17 42 30 40 15 39 46 41 65 60 85 88 41 99 85 41 26 73 27 22 14 24 87 76 31 93 40 63 27 32 49 72 56 94 55 25 90 37 67 34 35 83 63 59 20 32 77 81 67 17 58 73 63 33 38 40 82 54 14 28 13 65 98 50 96 47 45 46 14 47 20 66 54 56 23 81 10 94 38 91 76 61 26 80 23 54 89 54 28 75 42 16 99 25 88 92 81 39 71 45 75 55
29 80 43 91 54 24 68 83 59 37 31 89 88 46 16 61 84 62 84 91 32 40 82 48 70 38 58 35 76 48 19 24 35 76 93 95 14 44 52 34 67 81 84 65 84 89 73 88 59 43 87 98 45 82 43 33 54 82 56 81 48 73 31 87 22 56 65 81 13 52 95 66 31 38 29 83 95 88 15 66 66 51 72 14 25 87 72 55 25 71 95 55 18 41 66 28 37 84 83 38 15 14 56 29 74 68 42 89 49 34 22 74 98 82 64 99 88 36 20 17
34 57 73 82 16 90 76 52 75 18 13 11 76 35 97 88 85 17 41 32 23 71 42 26 48 21 98 25 18 65 98 20 26 36 14 86 98 13 18 90 61 34 24 17 38 76 90 36 52 51 20 32 82 10 88 33 43 37 34 11 45 55 52 52 17 80 39 71 88 99 10 56 75 32 39 14 99 80 64 79 48 90 71 60 88 89 23 72 34 20 55 98 11 87 70 40 31 11 64 14 94 44 92 65 97 51 42 94 77 24 28 52 17 48 51 18 22 20 53 26
42 93 49 20 86 20 49 55 69 44 10 51 41 95 22 92 36 91 85 38 24 96 80 98 42 90 30 70 39 10 44 75 39 98 36 29 30 33 38 47 42 65 72 94 75 66 50 46 53 40 14 52 68 41 67 32 83 70 96 61 89 20 53 69 12 49 51 99 19 85 17 18 95 14 89 50 13 27 84 48 87 78 94 27 77 80 26 46 77 32 70 87 96 94 59 10 60 56 92 36 12 43 52 51 97 21 80 63 76 13 62 10 17 73 40 75 13 94 79 47
90 64 83 62 53 61 82 61 10 26 50 65 59 11 98 42 70 84 20 17 78 83 18 12 31 28 56 76 81 26 61 26 93 82 45 10 83 66 23 10 56 15 97 54 51 24 94 33 44 78 71 47 48 77 14 51 91 25 62 98 67 30 60 83 56 99 56 83 70 30 51 24 25 59 75 74 12 13 74 62 70 83 67 85 38 82 87 52 70 28 47 89 32 53 74 47 68 41 38 82 56 94 70 85 79 12 72 69 71 54 69 21 75 33 51 81 98 89 43 76
25 59 51 72 40 69 16 69 64 52 56 60 71 99 54 16 49 32 80 57 52 40 88 84 94 22 42 88 90 57 67 98 21 14 28 48 30 48 25 15 63 62 73 77 70 51 28 84 30 66 64 33 40 55 91 87 25 34 86 62 97 77 62 56 16 24 18 29 32 18 66 82 64 67 93 95 67 11 27 47 25 54 17 81 66 95 67 98 19 61 55 31 21 82 74 69 57 43 73 49 88 39 33 77 26 98 20 76 15 56 22 76 83 46 90 97 80 93 46 95
18 66 37 83 99 58 19 52 67 57 47 34 34 56 42 86 52 45 89 20 16 39 47 20 36 90 96 91 56 92 96 82 22 69 29 98 63 58 46 31 85 84 82 90 71 13 26 26 25 50 77 98 59 21 38 50 88 72 71 76 40 82 67 37 92 30 70 29 14 39 84 30 17 60 25 68 46 99 74 84 84 55 94 95 64 48 52 72 38 62 13 62 98 99 81 55 92 73 64 17 20 70 29 90 61 90 73 20 33 23 76 57 65 14 78 46 33 65 56 63
32 80 53 93 36 77 78 16 72 62 87 94 73 98 96 13 26 78 35 23 18 25 46 31 47 78 29 17 84 17 20 40 34 27 85 66 66 67 37 42 15 96 46 14 27 29 60 87 31 48 36 27 56 46 45 98 56 15 58 62 49 17 34 23 53 13 41 81 56 48 21 22 42 81 64 35 98 86 81 18 93 68 41 48 28 17 76 71 55 99 20 15 20 94 29 95 43 94 47 10 58 62 34 69 22 93 47 39 22 57 63 32 83 16 44 85 32 99 78 94
50 64 33 59 69 56 58 63 47 53 82 93 35 31 90 99 14 88 39 19 41 66 15 23 80 78 35 59 33 19 51 75 82 82 68 75 46 84 14 69 84 54 39 53 94 59 67 37 54 72 76 32 63 33 96 53 47 49 81 37 36 34 63 76 52 33 15 52 47 48 79 44 93 26 60 53 75 71 85 54 53 58 37 79 44 58 66 82 86 25 53 36 17 17 29 65 77 85 70 54 84 38 19 59 86 89 46 35 53 78 20 71 73 14 51 24 64 24 42 20
51 78 39 41 97 64 14 56 71 95 74 77 13 94 61 84 65 43 15 95 12 54 43 91 45 87 66 47 15 51 62 59 87 52 69 20 82 34 73 21 14 31 63 93 57 20 86 94 73 70 75 69 13 47 71 52 36 64 70 80 88 99 68 13 96 53 22 13 21 22 46 94 85 25 83 42 86 79 34 56 65 65 61 51 66 62 78 32 47 60 13 64 75 68 58 22 11 40 58 82 64 69 41 25 91 30 51 33 69 51 66 18 74 98 90 53 60 65 20 74
20 89 22 48 81 11 16 30 56 45 21 67 70 28 95 74 30 98 20 77 12 73 81 59 47 64 50 64 13 95 96 83 54 24 18 67 57 92 54 13 96 20 20 85 77 49 20 65 82 50 88 63 60 22 61 90 94 25 17 33 91 61 43 50 58 21 33 65 27 56 78 66 53 51 98 13 25 37 29 26 34 10 81 27 61 44 82 95 79 37 98 66 80 97 24 38 59 45 52 52 76 54 82 47 60 20 47 52 90 89 11 65 79 10 83 69 22 86 83 51
51 11 23 27 54 56 47 69 25 95 95 54 55 19 88 14 96 57 69 84 54 49 48 42 68 26 39 99 86 91 41 33 21 95 92 48 87 47 40 48 70 25 10 86 26 60 61 66 68 73 33 55 43 62 63 90 23 27 16 10 93 44 96 16 30 77 42 84 53 15 62 77 59 68 74 48 73 76 81 50 67 94 43 68 63 86 84 71 23 99 10 75 55 18 84 61 84 11 96 67 66 25 38 85 93 17 41 86 16 13 87 17 28 20 66 73 10 62 76 91
80 57 13 57 24 20 24 56 30 53 48 73 18 70 22 53 53 30 44 99 77 56 72 27 84 87 52 49 23 56 37 71 47 78 24 48 42 31 26 65 14 81 60 79 14 53 95 99 72 87 90 33 66 76 12 69 98 29 99 28 64 87 66 52 28 71 30 40 19 63 47 89 27 83 39 21 56 10 13 91 90 20 42 32 11 63 13 72 11 65 68 92 88 18 64 16 66 24 79 93 61 31 13 57 43 78 55 45 89 26 38 73 89 65 45 10 38 98 88 94
84 61 28 53 93 17 95 70 78 78 49 60 26 16 20 48 17 70 16 81 81 10 86 91 52 45 60 82 37 39 34 82 14 99 53 87 78 25 24 100 15 95 99 59 98 69 76 83 72 65 15 76 59 90 23 79 84 22 51 45 74 80 62 49 47 47 53 19 71 35 33 94 89 39 55 20 60 69 75 88 35 84 79 14 79 15 83 49 16 40 92 50 79 54 34 37 42 37 17 50 73 76 31 14 88 50 81 26 34 22 68 33 77 30 70 49 70 77 43 63
86 39 69 77 29 88 84 71 11 44 59 26 59 55 82 41 80 84 60 89 19 97 44 43 89 49 92 90 55 98 12 63 23 66 44 19 74 90 87 82 57 18 81 27 47 48 50 71 25 53 85 29 35 61 38 23 68 54 92 49 60 65 95 75 94 77 51 15 17 36 52 40 34 55 86 23 38 56 73 89 22 88 78 57 49 75 32 40 87 17 96 81 40 61 14 25 90 16 88 77 31 20 93 28 89 83 93 24 15 10 41 65 76 53 39 59 29 32 52 67
57 26 27 74 66 92 75 33 51 53 62 59 18 11 30 99 77 18 54 47 50 67 92 95 88 62 25 67 27 72 33 30 50 90 59 52 84 10 60 25 40 46 25 28 53 88 99 82 85 57 45 98 49 78 94 25 45 42 26 14 67 36 18 30 45 27 60 77 30 51 38 61 69 35 37 47 25 83 94 31 78 56 23 66 82 88 65 86 88 74 81 60 87 73 43 74 20 96 17 69 77 88 87 13 91 38 18 67 12 68 15 29 73 45 48 73 31 60 51 37
91 40 70 31 83 50 30 38 60 34 31 73 10 94 31 10 33 80 21 97 20 70 81 67 67 66 84 17 83 56 33 73 97 29 15 97 31 76 96 29 63 13 53 94 97 97 16 50 85 83 35 82 57 65 43 65 83 33 86 80 51 41 41 98 46 11 81 84 79 99 40 84 48 33 54 62 23 39 97 99 57 39 62 95 21 67 11 48 30 92 39 22 31 96 16 43 88 23 30 87 85 54 11 93 19 17 68 98 11 83 34 68 54 45 31 20 28 24 27 15
33 50 89 77 22 97 17 65 96 45 13 59 59 12 63 67 38 95 74 35 71 95 39 78 44 33 90 47 18 67 87 28 79 37 58 41 25 21 40 90 14 32 92 58 29 18 86 25 44 49 47 54 78 65 65 96 93 76 35 45 10 42 93 80 95 39 59 43 10 46 44 15 46 87 64 90 89 29 89 17 55 29 83 77 30 26 33 16 70 39 27 10 23 52 69 88 20 72 18 58 44 18 33 35 69 66 16 53 51 40 95 92 93 55 14 58 62 88 70 99
48 14 27 49 11 66 46 54 34 32 86 99 57 90 71 94 86 19 41 98 91 39 46 15 23 72 41 11 82 60 37 36 14 47 67 36 29 21 36 57 10 34 68 24 38 23 60 25 68 69 30 91 74 69 85 70 58 80 41 51 31 16 33 89 34 83 61 89 57 93 50 28 60 82 30 66 50 99 80 93 74 89 42 78 68 29 99 72 55 44 14 59 67 19 67 59 59 14 88 41 44 61 19 31 72 52 56 24 28 93 75 72 39 91 87 24 44 51 60 72
41 69 14 20 80 54 98 77 48 46 88 68 76 47 91 37 19 58 38 39 51 76 74 55 30 54 71 35 49 33 58 75 14 32 46 54 18 37 92 92 18 81 39 60 20 23 89 89 87 80 31 35 85 45 18 45 23 60 44 23 77 76 14 41 17 58 58 16 83 85 52 70 40 79 88 15 92 15 63 18 74 88 65 48 46 61 56 20 25 30 13 38 47 30 89 40 82 93 22 29 85 71 62 51 19 58 66 77 72 47 55 61 95 11 86 74 46 31 30 75
30 38 15 63 96 42 11 50 74 88 21 47 44 62 63 74 69 46 77 77 60 14 97 82 33 55 62 86 79 49 96 11 39 17 92 82 50 53 96 80 69 33 16 86 78 60 68 81 28 24 59 76 88 52 61 81 49 18 25 78 65 82 94 19 10 76 51 99 63 18 23 78 94 40 17 62 75 51 39 52 52 74 58 53 72 94 59 39 38 99 55 90 24 49 81 77 66 29 54 23 31 68 61 84 57 84 58 27 40 67 65 93 69 38 43 31 42 75 71 85
81 99 15 89 22 61 54 45 63 62 33 54 94 17 78 39 71 21 40 88 65 67 57 83 28 21 51 39 92 14 57 28 19 46 29 88 57 25 94 11 66 62 87 83 99 58 46 68 78 14 51 55 97 78 83 79 12 79 80 16 72 30 77 67 14 63 25 82 78 40 59 66 77 77 86 60 11 40 45 58 99 98 81 53 82 59 25 48 14 17 23 79 94 31 38 84 85 46 45 51 67 34 49 84 21 51 17 41 58 85 98 46 97 97 91 76 20 16 82 32
32 55 42 52 42 14 32 69 72 91 84 60 45 16 42 87 55 46 96 98 35 80 60 82 35 53 34 22 70 52 90 20 20 53 21 13 43 20 96 57 80 19 51 76 61 77 40 32 46 32 19 21 21 65 50 78 16 89 94 30 40 29 16 99 17 97 95 73 27 88 15 35 27 20 36 33 25 91 87 88 45 37 99 63 38 89 91 85 87 29 53 94 84 42 23 19 61 90 68 46 45 59 91 92 44 41 92 72 52 56 68 86 75 41 85 32 39 70 44 15
87 11 96 92 82 45 51 73 45 74 11 18 15 65 40 97 31 69 67 56 45 31 30 29 21 77 63 29 74 18 33 52 59 57 41 40 85 56 11 60 34 72 34 74 86 59 17 36 10 88 65 26 60 22 35 83 47 43 19 82 22 54 78 72 66 91 39 79 68 26 25 89 36 14 67 95 12 86 15 96 22 40 19 88 89 70 77 15 82 71 86 95 93 72 44 36 66 95 16 23 41 69 40 30 27 44 33 48 63 97 46 58 85 42 92 38 66 46 57 39
22 24 18 29 20 59 20 93 75 86 46 24 58 71 63 77 20 25 29 85 75 79 99 90 57 76 24 39 73 50 96 24 86 25 62 90 21 53 56 98 96 42 34 59 14 59 56 94 30 75 85 51 51 96 47 59 59 44 27 65 54 67 31 83 35 66 12 68 38 68 42 43 81 37 59 56 18 96 11 40 62 94 97 46 28 45 50 86 10 60 48 50 55 62 20 96 32 44 62 71 27 60 53 83 23 13 99 63 76 74 63 83 87 42 52 93 30 81 64 55
49 16 69 16 63 18 99 60 49 31 17 32 46 44 60 63 95 26 70 38 78 79 93 97 26 53 40 32 43 37 68 74 75 88 12 97 81 16 23 12 43 53 32 27 47 10 88 99 81 29 57 38 96 30 97 69 72 65 85 83 18 24 23 26 69 41 74 83 63 89 15 87 83 79 37 30 54 23 43 22 28 40 14 52 85 79 46 98 31 50 98 67 52 60 75 23 12 57 88 10 10 50 13 65 60 91 26 72 98 34 29 73 52 97 36 77 53 18 91 69
47 89 94 92 91 88 49 84 32 96 16 25 30 51 81 65 17 47 22 83 31 58 11 22 64 16 47 17 73 40 98 50 67 88 49 24 76 59 93 37 52 18 32 65 13 79 24 66 61 97 97 56 62 77 30 30 75 73 97 64 73 77 23 88 27 95 95 77 74 50 43 24 12 95 22 43 62 11 91 16 27 23 63 93 93 12 58 48 28 78 21 44 18 98 55 76 10 88 53 28 47 16 15 94 33 52 95 40 13 24 20 90 52 23 85 21 32 12 44 56
92 68 17 86 82 21 21 74 76 51 53 96 76 32 35 44 89 67 80 48 27 85 62 81 95 13 26 31 90 36 23 69 22 23 82 73 57 57 31 35 80 95 41 18 85 13 95 54 19 86 91 19 41 14 16 11 63 68 70 38 47 11 23 22 27 49 73 62 31 17 45 26 38 32 85 88 15 51 73 77 56 65 92 23 70 68 48 79 97 50 77 52 14 58 38 32 67 68 64 57 62 69 26 38 21 70 45 39 24 31 31 70 33 80 74 16 19 88 85 90
14 75 92 83 16 80 65 67 92 88 85 36 26 74 15 19 58 33 37 34 85 58 59 51 54 87 34 10 13 11 93 39 69 83 51 47 35 99 27 90 99 46 52 33 33 93 91 67 12 85 93 49 91 41 94 59 97 55 44 25 66 40 56 64 46 47 12 71 15 32 82 22 18 62 26 85 65 23 64 99 62 31 83 68 13 54 34 39 35 14 42 86 18 55 30 19 80 43 94 98 84 92 64 35 45 80 58 68 12 39 42 39 35 99 31 25 94 87 54 84
11 56 98 49 17 67 69 92 59 69 54 61 30 49 64 76 75 62 30 80 38 76 55 13 92 95 93 78 19 62 37 11 64 92 21 32 51 73 97 58 70 57 36 10 81 40 35 71 74 10 44 36 57 91 83 73 32 67 51 10 86 12 85 70 93 99 30 88 95 92 17 13 65 93 78 32 97 71 19 57 27 25 92 52 46 18 18 36 54 39 70 23 67 66 35 21 94 39 93 76 57 81 90 23 35 10 41 82 14 52 95 33 75 75 61 12 89 14 37 37
57 22 38 20 10 33 31 47 99 15 78 19 78 50 14 45 67 77 69 42 20 50 32 68 57 57 70 18 21 68 54 27 14 52 99 77 13 57 97 29 39 15 12 49 24 82 87 10 96 70 35 70 20 82 33 73 44 78 39 15 82 98 38 80 45 31 96 66 63 45 45 64 27 87 20 99 58 34 10 17 13 92 49 64 77 38 57 22 43 83 71 37 15 27 66 89 11 79 16 60 26 52 19 19 74 96 22 80 24 21 68 57 11 54 47 32 47 22 72 72
87 62 96 88 46 93 46 59 52 20 51 65 57 31 19 42 16 64 76 20 71 16 74 34 29 24 72 21 59 64 74 27 41 12 44 15 47 39 40 40 91 58 47 97 52 77 94 90 68 92 58 16 68 49 46 56 88 19 57 34 89 61 72 60 34 71 56 72 18 93 55 93 70 60 80 88 56 58 47 47 27 71 31 17 21 67 46 26 17 44 40 33 22 32 70 48 39 50 56 50 54 31 16 29 14 58 87 53 73 63 20 70 58 38 16 58 38 42 31 61
65 67 33 80 98 23 44 95 23 86 79 17 96 16 17 14 15 58 57 56 82 95 85 72 67 86 55 79 85 58 70 66 99 24 85 87 50 24 15 54 21 15 27 61 58 56 73 25 65 22 30 73 30 69 86 57 76 25 46 76 28 29 79 40 59 97 76 34 24 85 28 98 22 64 16 82 88 58 69 23 23 90 82 15 97 22 39 85 78 48 25 90 77 93 89 89 62 30 93 32 82 55 13 48 32 46 65 70 55 12 49 19 64 27 42 92 43 96 60 84
39 13 69 11 52 13 18 70 22 50 40 93 28 47 74 74 28 11 57 16 56 70 33 97 11 77 72 82 20 86 82 70 13 24 45 81 28 43 13 80 52 11 95 19 44 99 44 99 42 45 68 11 25 45 98 14 99 57 28 84 68 15 58 86 60 73 17 32 38 86 27 17 64 95 79 69 42 63 70 22 51 71 28 91 96 97 21 33 23 98 66 46 25 56 10 27 64 80 14 28 32 77 84 24 27 64 83 60 92 52 81 67 81 86 30 95 41 11 24 64
76 99 28 82 49 28 74 24 30 80 12 71 13 30 10 35 71 15 75 97 62 80 19 31 85 68 52 70 19 27 72 14 28 74 18 85 98 10 62 45 56 35 59 13 58 44 24 17 24 14 25 26 46 52 68 65 78 88 47 11 52 81 42 51 99 75 52 43 52 98 66 83 32 63 74 83 29 71 41 97 69 50 42 38 80 71 73 75 87 96 21 82 67 69 22 78 14 85 29 26 30 91 76 73 71 32 83 16 83 87 81 87 18 18 36 48 59 41 83 50
29 15 92 71 76 22 68 50 33 97 24 36 31 72 11 64 51 30 71 11 72 67 83 81 99 59 17 78 69 99 94 51 27 69 57 72 62 78 73 34 65 48 40 70 21 65 85 78 65 82 74 93 88 90 23 35 21 92 42 25 63 26 83 89 34 83 10 36 19 56 42 43 44 50 62 30 93 86 13 35 61 32 18 78 21 52 92 91 91 35 26 16 27 75 95 98 89 68 30 22 51 93 93 95 47 42 77 22 37 80 40 89 50 32 40 34 39 69 31 55
59 55 73 78 54 15 76 64 89 12 12 61 70 36 85 13 70 12 69 81 13 91 34 11 44 30 63 21 19 61 28 68 17 48 41 47 46 43 32 75 99 41 51 43 84 45 85 35 66 19 23 29 76 24 50 83 50 22 19 67 26 44 51 86 90 54 91 95 76 25 26 30 36 98 30 17 93 77 73 54 72 14 83 66 32 86 72 73 13 75 18 82 80 30 71 19 78 25 11 21 29 36 69 87 90 36 60 22 67 70 73 73 35 75 19 45 26 46 84 18
74 91 41 60 15 26 85 70 17 52 93 91 83 50 85 38 74 99 15 56 78 10 58 42 54 97 56 82 92 26 72 99 50 57 78 66 28 88 39 10 60 47 98 31 28 99 60 56 84 80 29 69 40 17 11 62 88 31 22 85 38 61 24 26 32 98 88 38 56 49 30 89 89 35 99 54 26 45 75 76 35 78 49 65 95 59 20 80 14 91 56 47 22 55 26 68 39 11 25 56 79 81 95 58 69 19 82 26 97 21 31 75 35 41 74 34 53 49 79 49
55 53 44 72 42 36 40 72 62 71 93 43 27 90 34 82 23 10 31 39 21 69 82 75 97 80 97 87 15 29 41 93 24 69 36 32 22 38 96 17 48 54 45 23 30 54 59 90 86 61 45 85 32 57 87 49 70 60 69 28 87 60 50 17 22 81 21 76 91 84 50 74 52 23 26 52 57 19 51 38 38 12 74 72 29 25 51 20 17 59 71 16 26 29 73 26 38 20 48 12 71 58 41 35 79 80 82 39 58 57 43 89 56 86 21 29 99 95 82 96
66 51 79 71 94 81 16 22 80 64 75 52 61 92 41 63 89 63 67 30 26 67 43 30 98 21 33 91 70 44 57 92 47 32 79 13 88 42 73 58 27 37 64 37 93 85 17 78 61 83 62 75 56 86 42 19 47 39 63 48 95 50 60 53 97 32 58 63 36 33 38 47 97 61 36 34 27 10 78 79 41 92 57 79 86 70 55 61 26 19 76 76 11 96 97 24 43 20 23 53 49 70 64 17 79 31 37 72 28 21 26 37 72 65 36 94 75 87 66 13
97 89 19 37 22 95 34 29 29 32 48 37 70 31 23 81 25 21 24 94 80 63 37 26 86 79 16 40 20 16 57 24 96 82 61 97 63 40 15 66 57 82 13 55 37 76 65 76 74 11 91 33 34 59 94 87 32 11 76 38 93 19 71 12 57 75 15 47 38 32 66 56 24 18 24 81 24 32 18 82 41 81 26 76 63 29 90 45 23 20 38 16 76 31 69 21 51 65 42 73 61 11 60 79 65 32 34 10 53 29 28 10 67 53 32 86 83 49 27 29
62 56 14 44 35 75 47 28 23 81 36 55 36 90 92 79 33 67 30 89 54 90 73 59 80 61 88 37 77 39 20 47 94 28 59 39 88 25 91 14 69 39 96 36 17 28 66 96 56 17 32 58 21 63 36 28 24 91 14 89 20 17 94 78 30 63 29 55 57 52 80 34 49 46 71 58 44 68 86 70 53 74 14 37 28 64 36 77 26 54 38 60 40 43 65 57 33 40 98 62 52 74 57 67 84 36 28 18 19 11 80 17 80 72 11 98 72 94 27 44
67 66 63 74 19 56 99 66 58 50 58 44 20 59 83 55 76 11 11 36 40 52 78 39 84 97 62 35 40 71 11 87 55 57 99 22 97 45 57 86 58 86 65 93 56 89 38 53 96 45 12 58 87 65 24 75 71 32 79 77 72 40 28 43 42 84 55 91 96 76 40 82 52 39 25 36 24 28 80 14 50 88 29 79 38 73 65 92 28 55 98 15 39 65 52 80 57 43 19 54 13 23 32 62 41 15 44 86 59 69 52 46 93 87 38 64 47 41 43 51
22 58 95 10 39 43 53 28 71 19 73 77 43 69 42 95 96 18 76 89 81 88 25 20 14 58 84 22 86 93 37 17 24 43 61 94 57 39 22 68 63 93 90 76 32 16 64 32 14 17 95 41 75 76 92 51 94 63 21 56 29 75 94 70 11 64 36 52 43 53 82 59 33 57 50 69 53 71 86 11 73 83 87 30 13 28 43 19 26 16 86 45 19 50 58 70 62 67 29 53 12 24 35 28 88 45 64 71 17 19 64 87 54 68 90 16 74 95 44 29
41 37 29 70 60 30 66 85 82 99 33 49 68 15 23 18 86 82 83 29 42 84 30 25 95 17 35 98 56 64 64 90 72 43 24 41 81 94 49 35 56 84 54 96 35 67 43 47 78 98 47 16 53 69 14 33 68 40 58 13 99 97 31 76 92 82 50 20 94 15 69 45 69 48 94 45 95 63 64 69 24 23 38 18 12 79 10 56 54 57 97 83 75 35 34 94 20 26 55 96 56 71 68 38 68 39 39 68 26 15 55 67 79 81 34 75 27 21 74 49
93 82 77 45 48 83 98 45 47 65 38 42 93 53 41 22 64 51 83 95 38 52 56 23 92 52 36 77 26 96 72 69 33 94 12 72 72 80 21 13 62 43 66 50 27 23 25 78 77 69 84 90 75 70 79 39 16 56 91 60 58 25 71 11 47 89 88 79 22 89 24 89 15 84 16 31 80 49 22 80 60 33 16 71 63 53 43 19 34 77 57 63 77 25 59 11 60 83 93 18 81 40 65 24 85 59 51 18 69 55 98 87 31 27 21 45 30 93 93 50
41 94 88 49 70 78 27 25 71 50 51 39 16 58 53 77 80 54 26 14 45 15 96 46 75 27 45 43 30 36 99 45 78 75 66 46 23 69 96 18 87 38 46 30 88 58 79 98 77 49 93 41 68 52 87 52 32 97 94 23 21 77 48 35 56 14 32 54 57 44 64 39 51 36 57 42 52 91 75 46 24 23 46 27 36 42 47 32 79 58 30 29 34 14 46 68 58 48 71 39 38 13 12 55 88 29 62 21 20 94 19 78 42 77 45 80 86 80 55 30
78 18 39 57 79 76 37 69 73 53 31 75 81 87 30 72 68 97 13 41 21 65 62 42 30 93 80 45 73 45 34 44 75 57 38 77 39 42 77 75 28 38 26 53 96 56 74 47 66 39 37 11 37 25 21 71 27 92 27 12 85 88 32 47 29 15 13 36 52 61 45 34 73 41 39 59 71 16 48 75 80 68 38 39 95 59 58 68 30 72 60 11 31 28 80 72 14 18 28 46 21 76 56 83 65 96 53 67 70 45 10 20 31 88 24 19 19 88 92 85
50 43 34 63 76 33 48 74 82 45 70 79 80 57 94 95 52 17 88 76 19 21 60 75 45 62 14 26 16 27 73 19 28 81 91 76 76 42 78 86 51 58 56 52 12 95 21 38 85 53 74 34 11 45 77 89 11 41 39 34 27 92 37 31 17 15 73 68 42 36 92 75 67 21 90 39 84 35 18 53 30 38 71 18 24 19 48 25 99 39 89 73 20 28 66 79 86 67 95 21 26 22 42 71 99 18 76 35 52 67 99 17 34 13 60 82 19 40 41 35
42 62 96 44 97 27 11 50 84 87 21 64 92 79 74 86 55 75 88 84 80 90 10 14 92 74 62 10 27 36 50 16 90 84 15 83 48 31 37 35 20 73 47 26 27 37 69 51 55 58 63 86 52 26 90 69 87 15 97 16 60 89 59 39 64 37 97 10 71 56 85 97 78 87 35 99 69 51 38 88 46 19 52 39 64 10 33 93 59 95 55 60 58 94 62 60 39 80 38 59 62 54 80 14 15 34 25 90 31 60 91 24 53 49 69 31 66 52 72 61
80 84 89 11 49 31 79 65 38 69 12 89 47 28 44 54 79 74 19 90 95 65 42 71 93 48 52 41 12 44 12 15 91 40 56 48 89 93 67 55 80 70 72 29 32 68 52 38 35 49 90 84 87 41 21 13 12 86 80 69 93 67 31 81 49 43 36 51 22 86 55 14 58 43 24 90 57 43 54 42 67 97 24 23 83 80 10 72 31 90 20 18 48 63 18 97 82 11 99 96 76 99 97 50 19 79 86 10 81 92 67 26 72 96 41 94 87 73 35 52
83 54 42 90 87 73 81 56 92 80 35 87 23 47 65 25 12 78 39 22 13 77 38 88 90 22 27 94 73 65 27 69 83 93 42 59 21 57 57 66 54 38 67 14 43 84 29 63 88 49 72 93 73 77 59 62 53 74 61 71 10 57 20 99 19 55 72 98 62 58 58 21 11 80 83 24 14 65 93 32 49 57 29 75 18 30 63 62 28 82 88 79 46 94 19 32 77 64 37 91 55 39 76 96 24 30 10 85 18 45 49 93 30 53 14 46 46 19 80 36
22 62 40 82 98 99 63 40 80 96 10 20 44 24 47 44 77 96 63 72 32 15 80 53 35 68 15 10 89 60 26 76 62 30 76 70 12 97 52 65 55 84 95 77 44 44 36 94 47 32 40 65 82 56 68 78 35 10 69 65 65 31 29 96 79 86 78 92 90 80 17 17 81 22 40 28 23 66 89 77 22 12 67 56 45 81 88 87 34 56 21 96 35 71 17 56 62 47 62 19 85 11 63 29 91 19 98 70 65 31 64 39 25 67 90 62 33 50 71 58
81 60 75 50 23 62 38 54 82 31 25 91 69 99 88 65 45 51 71 70 26 54 29 12 68 75 26 58 13 26 75 74 84 64 61 45 56 50 41 12 57 46 49 52 53 18 54 43 79 74 29 74 94 89 41 35 56 22 40 61 41 48 53 98 35 94 68 22 56 58 91 98 77 94 39 40 70 89 16 60 50 19 17 84 97 79 75 53 46 50 64 62 23 79 43 66 89 11 67 14 61 23 97 16 91 57 88 93 72 79 31 29 13 20 14 97 39 82 84 81
57 99 86 62 41 78 26 91 97 51 58 80 67 87 21 69 50 37 72 26 47 17 93 62 71 41 90 17 46 58 24 36 98 68 41 22 89 71 97 44 68 64 31 32 29 50 93 39 95 27 63 71 55 80 30 52 20 92 99 92 90 43 57 80 36 89 51 93 65 91 71 40 43 82 34 92 86 27 89 82 48 23 81 54 20 81 43 62 11 19 80 30 43 23 66 40 22 68 15 78 49 69 23 64 21 41 98 72 42 76 70 51 92 95 81 98 56 89 17 25
46 64 68 85 25 21 86 91 65 59 60 81 89 16 27 30 93 50 42 11 30 45 79 43 72 81 91 35 19 56 86 68 59 99 77 78 68 47 24 39 76 52 48 12 83 89 47 26 93 38 48 87 47 95 93 90 83 45 43 11 37 99 55 99 73 27 95 43 61 82 82 33 86 64 15 47 79 13 48 31 49 99 32 58 73 82 37 51 59 64 49 13 52 63 25 18 74 74 99 73 72 87 66 70 86 37 51 17 17 70 38 32 84 30 69 91 83 81 66 67
32 50 61 31 81 71 12 36 60 22 35 62 12 79 99 16 82 85 17 57 69 29 32 62 61 30 72 60 93 28 67 71 97 13 95 75 33 28 15 30 88 39 51 64 28 37 91 30 49 10 73 62 61 21 58 92 85 95 25 65 56 51 43 18 45 29 52 54 78 88 26 67 55 69 74 40 10 83 77 76 15 28 11 70 44 79 63 92 24 68 80 69 85 50 92 50 17 80 74 18 53 76 71 72 40 87 38 34 29 68 66 19 11 55 59 91 36 90 47 39
63 84 63 32 34 60 69 37 70 15 45 29 64 61 28 17 64 31 15 24 42 43 56 33 71 16 65 63 36 36 56 67 69 85 27 58 49 95 33 20 48 90 56 64 14 32 87 25 27 49 39 74 73 30 50 60 40 99 81 27 59 42 21 39 27 99 87 20 26 26 74 19 13 65 49 11 53 14 16 59 27 59 70 62 88 96 62 60 67 46 56 39 15 81 35 56 15 40 89 70 89 18 38 52 34 60 56 90 50 83 68 81 75 16 96 55 51 41 99 20
93 33 10 55 91 42 16 28 70 96 57 12 44 32 54 93 80 91 27 60 43 82 70 28 93 90 54 52 40 66 68 27 13 38 29 94 22 18 27 78 58 54 59 50 19 14 39 69 16 81 98 11 80 36 48 81 85 40 72 99 37 55 99 77 36 20 30 56 10 23 43 45 74 20 30 13 42 17 92 61 82 72 97 99 97 56 18 66 82 53 20 48 80 32 54 67 57 37 67 69 93 20 40 38 99 42 71 12 19 53 69 96 27 78 81 50 72 17 32 39
54 48 61 75 48 36 64 30 17 37 62 84 43 88 64 85 17 38 70 60 39 20 32 90 99 21 70 25 45 33 56 83 70 96 11 60 20 25 92 75 33 38 52 89 64 72 92 69 34 81 68 31 87 64 22 82 37 65 12 68 78 77 32 38 76 63 46 44 54 46 10 29 34 20 36 68 10 95 73 91 99 77 99 88 19 65 62 51 65 26 10 25 99 64 81 38 58 84 24 50 67 13 45 72 67 58 50 58 57 57 11 31 28 41 27 44 16 32 88 63
26 56 32 13 94 57 31 77 73 51 57 95 58 45 76 44 89 54 92 75 24 29 91 66 95 52 89 67 29 33 36 67 77 98 78 70 65 21 77 39 29 38 17 11 95 61 81 66 75 37 81 51 70 37 65 83 27 69 99 59 72 25 89 58 69 96 61 58 47 12 98 17 50 75 69 32 25 91 32 41 67 24 43 86 75 73 65 53 16 63 92 18 58 11 94 98 47 92 92 30 48 53 16 93 73 77 85 38 44 60 58 30 70 22 19 11 22 91 55 68
75 58 56 40 79 16 31 18 82 49 21 26 75 70 44 43 25 70 31 56 98 25 48 51 78 45 70 26 11 19 14 94 34 21 23 16 87 73 39 85 45 51 96 34 84 83 77 60 20 89 49 97 87 41 46 85 32 38 66 45 89 36 75 35 94 22 25 63 72 98 79 67 29 35 54 39 44 26 61 35 36 85 90 26 57 77 97 41 84 65 95 59 76 86 97 39 89 91 20 35 62 74 83 97 45 74 88 53 29 69 82 78 24 27 67 91 38 73 37 41
91 35 25 44 85 60 55 21 20 79 49 61 79 58 56 10 93 41 14 70 30 29 69 66 94 82 46 94 88 52 40 54 98 85 41 35 66 55 95 58 74 72 27 64 65 13 72 44 22 33 58 64 62 40 13 28 90 52 56 21 77 98 92 15 60 51 80 86 63 77 18 56 74 25 81 27 14 94 99 18 40 58 85 84 57 47 56 95 43 48 57 28 85 29 65 17 14 74 92 93 36 53 74 22 33 53 21 22 36 57 89 17 28 84 41 68 95 53 76 87
13 66 23 36 76 35 73 28 67 81 69 74 31 13 34 38 58 74 40 23 97 89 48 55 38 50 40 34 58 23 58 41 61 34 61 64 86 82 60 49 28 22 86 63 42 27 69 67 46 10 44 24 37 55 62 57 89 85 87 15 38 58 51 50 17 81 73 16 71 55 82 91 64 49 11 71 41 46 45 60 18 84 55 64 26 18 96 74 99 34 75 29 21 50 19 96 26 63 20 44 13 68 33 78 30 68 80 78 84 91 89 44 99 20 64 67 39 91 53 15
57 87 86 59 41 58 99 28 58 87 47 56 85 54 32 75 73 51 42 37 59 14 83 52 88 64 70 41 30 20 73 11 87 71 24 25 27 27 86 97 72 48 79 46 93 20 75 53 38 35 86 50 64 98 73 48 72 56 39 25 90 58 40 16 26 82 73 65 14 33 20 49 11 46 11 43 10 27 71 80 31 22 84 69 91 56 81 60 63 10 87 73 88 20 14 60 45 18 32 77 84 89 38 27 30 73 56 75 33 58 45 81 25 78 90 67 99 57 55 95
48 44 37 53 34 35 77 52 41 67 72 67 38 33 92 10 24 48 96 96 12 61 71 43 54 45 11 18 66 76 57 33 61 32 49 50 33 26 39 31 49 49 15 48 20 58 58 54 34 45 73 73 84 65 63 74 71 28 43 86 55 64 48 72 81 69 18 60 48 16 69 80 20 84 11 87 45 58 30 68 93 70 45 42 62 77 60 27 10 13 65 97 12 65 35 62 90 61 92 97 87 47 91 16 89 17 15 78 51 37 80 23 18 63 78 11 40 61 65 33
66 80 17 50 72 98 42 10 31 76 57 70 48 64 92 21 39 56 24 84 71 78 52 84 16 56 46 87 70 40 18 94 10 55 97 61 99 84 39 47 65 13 14 83 97 60 61 44 73 73 94 84 95 73 11 29 99 41 29 69 12 34 34 63 99 98 10 54 79 98 62 18 65 19 97 16 64 29 30 33 55 87 33 75 63 21 26 31 27 49 12 20 26 88 56 51 66 35 67 22 14 69 37 97 62 92 19 55 83 87 60 59 58 98 63 29 35 40 19 49
11 58 73 64 60 28 94 12 36 56 58 25 85 65 94 53 89 91 85 15 32 17 25 59 20 11 63 20 85 52 94 29 87 88 54 82 14 96 54 23 74 48 13 39 79 41 78 39 77 20 61 59 69 57 32 57 44 42 76 36 97 44 91 26 56 55 42 64 71 39 63 97 79 53 43 56 14 11 58 51 63 67 37 94 64 32 24 94 40 87 26 28 71 30 64 41 65 23 35 51 30 45 10 51 62 27 86 23 70 85 98 72 80 77 37 28 14 71 95 73
57 88 83 40 37 87 31 78 58 37 53 85 39 31 71 77 16 85 88 75 38 35 92 27 33 68 64 70 20 27 81 83 20 70 44 94 53 55 23 30 48 93 65 96 27 41 23 36 58 33 36 56 21 95 10 82 43 54 78 99 88 41 21 62 94 15 49 19 81 83 78 92 37 15 46 51 51 44 65 15 95 88 13 32 61 16 50 30 85 59 51 19 79 37 92 95 27 52 34 29 65 86 45 66 58 67 25 98 87 77 39 94 52 79 69 91 47 32 40 62
24 65 11 36 57 44 26 55 35 95 59 15 11 32 45 69 96 83 19 43 30 44 47 42 65 12 46 59 12 10 83 10 34 87 22 12 22 59 44 36 29 20 54 11 94 74 92 14 14 35 42 76 34 12 14 64 85 87 81 57 52 99 91 51 52 96 52 81 55 16 86 25 32 14 57 84 42 67 17 59 41 46 38 12 47 10 51 80 86 99 71 74 34 69 41 90 54 10 58 38 10 84 67 77 20 40 14 25 30 48 77 47 36 74 17 13 55 19 18 37
68 94 65 93 20 31 68 23 54 44 72 30 48 67 72 18 59 76 97 93 30 78 62 41 20 17 21 37 82 38 30 78 34 50 72 64 85 64 10 43 39 30 64 57 93 51 71 53 92 43 26 68 19 20 72 73 73 29 13 87 24 37 32 11 26 61 81 78 81 17 56 15 37 65 43 54 69 17 88 17 40 47 57 96 49 19 56 84 58 54 59 93 90 77 22 23 60 51 70 55 87 93 58 22 24 15 96 12 40 52 90 27 90 21 14 24 52 17 81 53
93 11 74 55 69 42 52 73 63 50 57 58 43 55 47 24 33 25 55 20 46 46 22 39 60 93 12 96 34 23 47 93 83 88 94 56 38 78 69 18 84 76 88 95 51 72 66 60 19 46 16 52 45 49 12 15 83 22 29 62 61 14 76 13 41 39 49 36 18 23 26 34 32 94 41 54 35 86 78 53 57 94 41 26 88 19 49 97 51 43 33 27 86 12 83 35 91 52 78 59 25 37 45 12 40 60 58 68 41 90 36 35 36 19 11 68 49 79 64 66
89 70 19 26 86 82 67 11 42 49 45 52 17 91 98 31 19 84 95 33 27 87 14 97 51 76 45 39 71 88 25 30 97 61 84 74 38 76 44 48 42 26 19 25 26 11 52 57 60 15 49 15 37 69 54 64 63 11 23 57 28 54 86 61 80 35 76 50 75 88 75 81 69 70 46 14 45 24 38 85 65 87 82 98 41 23 36 26 26 48 59 74 56 89 84 18 29 88 29 71 11 59 79 45 66 81 78 36 88 51 80 75 12 27 22 85 35 29 47 36
39 13 58 41 26 14 14 58 75 58 97 46 68 88 20 65 22 89 34 43 62 23 43 76 42 53 98 75 88 67 19 81 28 50 30 24 10 79 40 74 60 99 43 38 51 97 49 45 98 53 73 95 43 23 84 91 85 25 77 31 66 88 35 15 96 87 99 35 67 39 97 89 92 55 16 67 53 64 82 59 67 66 53 49 72 77 23 54 61 51 83 19 84 91 75 27 15 60 65 47 20 19 68 89 43 14 64 61 34 83 15 60 86 34 16 75 13 66 51 41
13 60 92 37 24 76 10 94 78 46 92 46 77 69 95 12 79 28 79 78 43 37 48 69 80 30 25 27 86 11 60 37 39 12 34 41 89 65 39 21 49 99 10 16 84 30 34 91 81 16 76 12 86 53 35 37 66 98 80 49 43 95 90 94 14 96 30 42 63 40 20 96 57 55 43 22 23 37 16 55 54 84 24 48 55 97 42 39 41 21 96 65 56 73 11 58 25 46 61 51 89 74 54 48 86 49 61 42 43 15 14 71 49 62 41 76 56 53 26 33
56 13 88 48 71 25 71 56 23 42 47 11 22 46 57 28 25 50 54 20 79 95 66 70 91 77 69 14 96 45 98 78 68 57 91 75 60 14 66 93 65 45 40 96 82 52 18 82 53 18 82 88 16 44 86 80 89 74 36 63 93 36 14 37 97 78 32 62 61 35 27 83 90 49 11 88 77 54 82 66 11 64 73 97 63 92 53 94 47 95 15 61 36 47 50 28 25 70 66 61 40 29 79 13 57 32 41 97 91 31 17 47 20 48 82 84 94 30 38 11
92 83 79 81 85 16 66 82 27 15 92 72 57 33 62 32 67 62 83 79 18 93 35 79 51 65 19 70 47 35 56 85 20 78 86 53 96 71 56 78 40 33 61 37 94 63 54 77 99 27 94 53 44 58 13 44 49 61 62 47 86 14 87 60 99 92 84 65 63 27 14 56 80 56 60 45 22 42 41 22 14 83 13 53 27 36 72 62 81 39 98 68 44 54 31 19 98 66 82 29 19 70 27 45 31 89 45 71 29 35 29 19 49 26 80 51 47 20 48 31
56 20 94 24 13 39 69 28 31 44 76 17 28 14 91 78 53 90 53 82 94 75 56 64 46 77 36 36 30 96 86 35 96 74 42 87 96 76 10 17 50 36 30 46 87 45 83 83 11 57 80 84 77 67 25 82 17 18 83 84 55 43 20 12 62 87 76 69 37 16 87 56 70 76 30 75 46 84 52 61 94 72 32 87 31 51 45 85 89 35 25 20 27 84 52 66 52 14 96 48 59 78 66 29 54 86 56 20 45 37 66 91 23 66 76 35 82 80 94 59
14 34 72 98 82 18 18 94 21 68 41 66 40 85 17 54 95 88 32 23 27 83 18 69 19 55 21 69 20 81 62 59 29 97 21 20 11 97 49 26 71 11 74 80 88 26 71 13 32 80 68 90 70 23 15 70 83 35 95 50 69 23 41 64 69 97 11 41 14 60 16 96 27 82 73 23 73 63 94 60 94 57 17 25 99 40 17 97 42 30 74 89 13 55 75 39 44 84 10 57 75 53 92 99 95 89 13 19 81 65 63 76 64 85 44 31 63 59 66 79
15 60 67 66 98 46 82 59 19 14 75 66 35 28 22 50 27 99 32 25 14 87 61 51 78 12 24 48 92 56 55 10 15 92 52 27 42 60 97 54 84 13 92 88 12 99 68 95 90 22 54 26 30 64 92 59 63 90 26 25 15 88 45 38 58 11 31 78 17 36 72 83 32 45 29 91 97 74 13 13 46 73 32 11 97 81 57 35 13 58 99 98 81 12 16 13 61 61 11 67 61 93 20 41 26 87 11 86 18 26 63 49 11 19 84 76 55 94 88 18
79 52 51 45 36 49 82 32 28 23 53 89 16 74 34 52 55 63 12 20 23 61 93 12 89 34 51 57 90 48 78 98 71 60 94 21 96 88 92 11 50 26 11 79 42 14 58 29 34 81 47 89 54 60 70 35 80 70 19 72 20 56 28 50 58 92 35 14 61 63 13 14 71 78 73 67 75 45 35 68 28 37 42 75 65 64 62 26 89 10 48 48 59 85 30 17 86 26 39 32 57 46 31 96 84 40 10 75 41 60 77 60 92 51 95 14 60 40 88 49
88 66 67 95 20 68 82 52 64 23 72 11 34 71 21 56 32 78 16 13 19 46 12 38 46 86 12 86 25 67 46 77 55 60 50 69 71 15 13 97 50 84 96 32 28 42 54 29 48 19 51 59 37 76 90 22 41 54 63 74 45 79 74 83 37 20 54 91 29 25 92 67 55 89 94 31 16 71 36 60 61 46 32 96 12 61 29 38 13 51 33 34 54 51 28 44 51 96 22 61 56 14 24 35 28 45 10 32 93 57 84 15 42 10 60 30 10 14 87 34
69 23 67 14 73 40 98 91 80 86 78 95 35 56 77 81 38 89 46 34 51 10 82 70 38 41 47 61 80 69 65 22 27 26 64 51 90 31 78 90 30 34 90 32 82 17 56 26 78 85 57 71 83 25 92 84 12 18 89 64 20 31 46 22 78 64 52 17 50 87 19 33 72 83 28 12 47 55 80 35 23 48 80 15 55 91 50 13 87 35 77 17 78 97 95 76 46 80 54 43 59 62 65 90 68 31 69 33 32 28 59 41 66 17 81 54 25 73 74 47
14 16 37 74 10 72 80 46 50 22 85 71 82 93 13 68 50 16 38 82 54 71 76 90 31 94 52 19 36 30 30 54 28 69 38 56 80 81 23 30 92 10 26 97 84 33 62 60 63 43 45 27 58 91 92 56 45 85 38 53 66 62 41 31 24 56 82 79 36 52 35 69 71 62 26 21 95 67 11 57 13 76 18 30 96 51 82 18 24 44 41 25 96 96 46 79 83 58 87 83 56 98 42 16 89 48 66 45 50 74 28 44 82 76 28 53 58 38 19 25
83 41 47 25 12 57 13 83 11 41 32 11 74 96 43 36 46 43 19 86 50 34 37 52 45 85 61 75 23 72 93 16 53 51 83 41 14 64 44 35 85 87 90 21 56 89 83 33 94 87 32 79 39 88 29 80 31 36 37 85 86 78 77 70 77 94 50 59 98 50 89 36 25 90 15 59 26 42 62 67 11 46 82 86 63 77 67 22 33 26 63 64 39 97 95 91 69 80 64 10 76 84 86 99 61 60 89 62 66 37 65 30 78 46 67 44 58 86 85 65
72 45 88 38 89 20 76 22 34 71 43 47 72 22 61 44 32 72 33 96 95 35 58 29 60 31 94 96 22 40 29 42 68 64 34 58 95 54 71 48 37 14 72 93 50 31 57 36 90 70 49 57 77 25 68 35 66 42 47 31 24 11 93 61 46 28 41 81 31 34 52 17 35 11 56 34 48 48 32 78 91 88 62 18 17 24 35 31 26 55 24 69 61 14 59 79 68 43 20 19 58 78 90 58 91 20 19 54 77 83 51 54 52 70 74 59 39 29 83 44
51 25 60 34 31 10 11 19 93 33 19 64 46 21 25 98 14 49 51 11 29 36 67 33 80 60 97 46 98 70 22 32 47 23 40 83 53 20 54 67 40 69 71 58 40 40 21 95 17 30 82 29 11 46 92 66 98 96 76 67 28 88 19 49 95 48 46 78 82 29 94 40 92 77 35 19 20 35 12 36 47 99 81 27 45 69 33 85 99 89 38 79 29 22 26 66 33 32 40 39 12 30 26 89 29 96 74 26 93 95 52 86 71 54 15 14 52 26 31 75
44 89 85 70 57 25 11 56 30 52 95 12 10 28 25 55 38 86 21 46 51 26 91 21 16 78 20 13 82 38 92 45 90 66 55 94 64 98 46 52 12 84 15 33 96 47 47 44 76 95 45 41 76 87 72 38 43 69 72 27 94 69 48 40 34 22 11 22 16 14 22 99 28 41 24 19 10 16 83 13 92 67 26 58 20 86 20 14 35 75 21 69 63 82 38 56 21 77 81 80 85 81 92 65 46 16 39 54 70 26 33 45 15 37 42 50 55 77 90 45
35 82 82 78 21 55 55 24 15 52 85 22 45 92 89 85 69 55 95 49 27 13 84 76 38 81 41 36 49 19 44 48 79 53 22 97 69 92 73 25 73 13 48 91 40 84 27 78 12 79 34 77 57 80 39 37 12 46 24 28 56 50 70 46 64 70 87 30 10 81 50 67 69 82 33 55 36 76 70 16 46 73 84 81 87 29 88 68 66 25 30 52 62 55 86 66 72 22 42 63 72 50 67 21 50 17 66 88 78 67 77 91 18 43 77 63 93 44 51 90
29 83 92 64 94 82 79 76 28 48 17 33 39 98 49 21 10 96 45 39 91 59 55 80 17 69 36 14 63 99 59 10 20 30 53 97 10 83 36 41 98 19 50 32 84 57 76 56 58 26 52 72 48 71 47 37 46 17 88 43 86 78 81 15 12 65 82 33 21 41 22 94 61 90 38 14 66 60 31 63 60 61 44 87 40 88 93 66 73 95 35 14 58 94 83 70 42 14 36 98 61 84 16 83 80 43 43 12 93 42 27 69 56 93 22 91 18 99 53 99
83 88 50 38 20 21 86 49 11 35 88 69 93 61 64 67 96 69 88 18 89 82 96 77 75 76 34 22 68 15 24 46 40 66 43 44 18 92 92 56 65 36 77 66 43 54 86 45 72 72 13 54 68 21 55 71 80 94 21 64 57 93 17 85 95 17 70 67 68 54 72 68 63 91 80 79 78 24 36 85 63 42 72 35 65 95 30 58 40 68 59 88 62 45 10 12 62 69 10 59 94 50 19 17 29 61 63 57 45 58 79 84 36 30 94 51 84 19 59 89
20 87 82 47 43 94 75 99 24 75 53 72 23 11 69 91 88 62 89 40 30 56 44 65 90 54 60 32 72 40 26 18 51 27 71 48 20 55 39 60 93 63 10 50 71 27 32 14 98 67 46 38 48 85 22 96 18 73 70 51 23 47 95 13 84 22 94 98 43 95 43 19 26 21 51 54 17 75 15 75 74 85 56 14 68 74 69 40 13 86 16 72 80 35 16 61 33 74 44 30 17 99 85 44 57 87 98 34 46 54 29 59 51 51 86 60 60 96 37 82
10 80 79 55 33 84 82 82 48 76 53 21 31 57 88 76 97 65 92 72 40 49 14 57 20 99 32 56 64 96 53 41 55 38 95 19 70 69 50 42 72 74 35 36 40 86 65 51 73 67 67 97 97 53 19 75 89 39 85 14 86 49 98 13 53 14 19 78 67 81 52 25 69 35 33 21 65 69 84 61 82 11 88 23 13 70 91 14 82 38 20 15 60 85 57 64 12 35 83 50 60 31 86 30 52 69 12 48 44 43 69 45 71 94 52 46 46 89 52 49
40 91 27 39 59 21 26 67 83 13 57 21 85 64 54 20 85 20 34 49 27 49 69 54 39 54 93 19 12 35 88 70 18 91 16 94 54 97 67 64 40 30 38 36 10 28 22 28 33 59 75 18 40 23 93 48 31 17 63 52 51 75 20 56 56 49 85 73 93 71 55 49 38 92 48 53 47 24 90 80 16 87 84 96 46 36 91 90 52 82 40 47 23 10 53 80 14 79 97 24 71 67 85 20 43 67 46 62 40 33 57 41 24 95 37 81 40 87 74 81
67 69 91 51 50 99 51 62 73 20 83 76 81 10 13 47 86 34 57 22 85 52 37 88 63 37 61 53 28 79 59 72 64 33 49 80 98 86 97 53 38 60 77 21 75 37 33 66 75 63 27 77 88 22 97 65 55 90 14 89 83 45 44 50 60 99 94 26 95 10 33 90 28 51 61 35 56 63 64 73 67 94 14 77 63 20 32 95 17 48 54 55 35 63 33 37 59 91 68 57 14 52 58 91 63 60 15 72 58 11 75 24 63 58 27 57 93 81 34 35
89 27 90 42 56 48 41 89 30 55 16 46 41 84 59 17 24 67 82 48 83 74 87 79 66 38 36 73 18 61 80 98 69 10 38 36 94 85 73 97 93 60 20 83 35 80 58 73 35 98 79 90 27 45 46 36 65 94 59 99 59 20 13 40 67 88 29 99 17 57 67 52 43 24 52 64 44 21 49 55 77 37 72 16 40 76 38 79 96 53 71 74 61 12 45 53 18 37 20 92 96 93 74 83 76 75 25 14 15 37 75 80 62 38 30 78 50 68 56 20
49 13 34 52 52 48 34 33 35 87 33 23 53 70 64 39 57 27 50 11 22 89 89 31 71 15 19 89 25 64 29 69 97 74 57 75 91 30 71 53 85 99 40 92 63 34 97 34 20 50 35 35 17 22 49 11 87 50 67 60 57 65 89 88 18 54 84 83 17 73 99 63 77 27 69 11 53 50 55 61 38 58 12 57 14 53 44 14 67 96 53 73 28 76 96 44 44 59 39 11 74 48 66 61 52 63 27 82 31 42 12 92 56 91 64 29 71 32 34 69
68 39 93 16 50 63 14 33 48 80 45 75 92 82 58 88 88 59 85 10 24 18 62 34 89 64 96 73 96 34 66 95 11 39 19 69 33 41 73 73 50 35 81 27 55 76 46 97 52 91 97 10 42 92 89 52 46 37 20 28 13 67 47 72 85 86 44 14 31 91 17 87 29 46 97 54 59 61 21 21 15 45 23 99 19 13 47 32 35 82 50 24 52 15 83 23 37 56 53 92 62 54 93 16 89 96 27 40 42 83 23 22 44 65 39 72 30 22 86 46
68 94 75 63 77 46 11 28 16 24 56 25 62 97 38 76 86 34 74 74 40 13 27 53 17 80 68 74 34 36 23 66 16 89 13 84 60 35 83 16 66 22 45 47 34 60 62 30 77 36 94 98 21 12 74 89 41 88 61 84 61 28 94 54 17 92 22 61 87 48 95 99 79 62 97 43 60 54 45 87 48 31 66 90 13 21 18 12 84 59 72 61 10 47 28 46 99 49 23 38 54 25 19 45 46 74 20 57 49 34 61 90 63 47 64 78 95 100 62 95
77 79 97 11 18 98 84 28 29 60 28 18 59 85 83 14 85 28 74 97 64 89 66 38 19 20 36 78 33 84 24 59 45 94 25 10 10 97 88 82 41 27 41 31 25 29 11 19 94 37 59 16 85 80 32 91 73 75 23 81 48 91 40 97 79 51 63 25 28 23 78 40 80 21 56 31 24 53 92 41 83 91 99 50 81 48 88 61 97 40 56 25 54 79 98 89 62 28 89 56 53 87 85 70 70 40 65 96 73 15 75 85 15 50 34 95 11 56 84 13
95 86 25 21 14 32 28 69 56 31 53 71 58 80 88 22 82 87 96 30 73 95 72 91 48 36 12 12 49 56 21 27 54 16 36 81 64 45 84 90 82 50 73 21 33 79 79 62 68 24 34 54 86 96 91 40 44 33 62 29 13 19 70 73 42 42 62 81 64 42 13 62 12 66 68 60 18 52 15 84 63 31 45 77 95 57 26 54 94 46 67 78 27 66 17 69 81 68 59 64 96 20 76 45 23 23 67 44 41 26 65 22 28 81 59 97 19 70 61 35
