70 60
15 24 74 84 55 21 46 54 49 86 33 83 39 50 63 29 94 90 75 22 41 55 83 37 58 50 37 20 88 61 65 62 92 82 10 64 97 91 27 73 18 79 18 60 65 12 99 72 42 16 42 26 56 38 74 29 26 39 31 57
29 48 92 33 59 14 27 46 48 70 39 94 97 63 66 77 92 93 15 10 78 66 93 40 87 74 92 10 42 16 21 44 52 86 31 54 16 69 82 81 86 30 45 92 27 35 10 51 31 37 23 56 88 42 47 67 50 71 21 78
24 34 77 73 74 31 90 62 10 74 11 59 98 69 37 12 94 19 80 16 54 53 39 13 36 41 79 13 79 65 67 48 19 96 46 76 80 53 47 63 82 20 27 24 39 65 15 76 10 30 85 42 66 48 32 24 19 77 96 92
25 54 95 43 46 10 61 13 86 97 40 73 25 41 12 28 79 55 97 10 43 57 56 98 56 28 85 81 14 52 33 34 72 35 72 88 19 91 62 97 93 73 14 60 85 78 23 23 24 99 39 55 46 48 45 10 78 19 14 47
85 31 64 80 70 88 91 74 49 30 83 44 61 31 35 12 50 64 52 45 27 31 14 41 96 50 79 70 14 19 44 61 23 29 79 85 22 99 53 40 12 97 15 85 82 27 32 50 59 97 70 25 76 40 24 69 32 72 26 34
76 42 53 50 23 45 47 43 33 43 54 78 54 75 59 35 81 83 17 44 73 26 84 99 85 34 82 14 30 42 67 74 99 23 38 41 89 57 20 55 33 52 86 41 58 59 92 11 72 36 61 99 25 86 71 71 99 67 40 20
44 97 81 54 10 93 49 58 67 32 56 47 56 21 24 96 17 29 34 22 40 51 74 86 71 65 10 59 29 98 32 28 20 16 15 68 29 48 81 94 36 87 38 20 35 12 76 13 88 98 24 76 43 28 20 94 85 36 32 45
22 17 78 65 16 65 69 74 86 69 92 91 11 96 62 41 21 87 29 46 55 79 24 68 67 19 38 54 42 66 24 18 41 36 39 78 48 95 77 55 30 25 22 65 50 50 73 28 45 77 37 14 76 26 27 76 59 22 24 58
89 37 99 68 50 58 79 27 71 81 21 39 55 68 33 44 86 86 78 12 98 78 31 69 50 60 97 64 10 97 65 39 36 96 70 33 87 23 23 56 35 87 14 96 51 96 63 34 87 17 96 13 85 96 31 80 94 28 65 73
70 49 79 60 59 14 99 19 60 65 52 68 43 68 14 27 90 20 46 54 97 43 59 57 36 77 51 80 53 61 98 51 65 72 28 22 15 65 47 36 25 44 38 19 78 21 94 64 14 89 90 46 28 88 75 85 77 11 21 81
19 94 17 39 72 46 80 18 53 92 88 90 87 51 73 71 30 71 24 25 79 45 51 91 14 37 49 51 62 93 31 22 92 15 65 34 23 14 82 92 53 38 33 46 76 50 31 18 94 17 70 92 37 46 37 94 71 82 38 64
53 12 61 83 37 32 39 14 73 81 72 29 98 29 14 40 56 91 70 96 84 29 19 77 26 54 42 15 27 45 75 23 16 88 43 75 21 44 48 33 74 17 47 50 29 32 86 56 92 39 84 52 12 49 79 84 86 85 22 23
46 22 47 30 77 25 43 10 84 36 93 52 72 17 19 38 66 12 55 62 49 12 11 24 30 54 11 49 31 76 88 52 42 24 80 31 73 39 31 98 18 51 31 75 62 88 48 14 95 80 54 78 97 93 81 14 78 93 64 57
77 21 98 94 62 94 80 93 42 26 23 62 36 77 31 74 13 10 24 20 87 27 15 83 46 22 10 50 50 97 57 74 97 19 29 11 14 81 58 82 34 97 57 22 21 93 38 45 41 19 82 31 51 17 15 91 56 61 59 84
51 35 99 58 91 84 65 91 31 75 21 36 75 86 95 44 81 96 62 50 76 72 54 12 67 10 45 80 20 76 29 53 12 37 23 70 57 10 73 57 58 71 28 81 89 93 35 72 77 10 92 61 45 34 21 56 30 31 28 52
75 25 78 25 72 83 84 37 58 62 59 21 47 40 67 27 91 87 28 94 84 76 32 88 10 93 22 90 32 79 37 13 71 73 63 83 35 80 77 65 77 18 40 92 94 40 17 16 78 60 38 83 14 39 87 88 27 21 21 64
23 49 41 74 88 44 54 10 81 82 13 19 98 36 10 15 80 84 62 19 26 23 86 35 57 44 21 89 39 24 34 87 93 68 69 31 41 17 40 99 30 99 77 37 31 74 86 97 18 87 52 68 48 46 31 67 44 49 35 79
63 48 73 57 99 88 58 38 41 64 45 83 45 67 50 89 72 91 33 71 88 76 74 19 81 93 39 82 86 75 20 53 99 96 24 28 92 87 77 91 48 95 90 38 49 51 25 38 12 25 40 61 23 81 98 36 63 94 25 95
69 39 51 20 77 10 75 80 85 20 46 78 14 39 49 25 84 50 65 66 60 42 65 16 98 68 22 23 16 39 72 97 38 79 95 60 32 19 32 37 91 93 58 20 49 46 46 11 72 83 88 94 76 13 46 13 63 71 39 19
31 35 46 83 14 27 45 94 58 55 17 42 74 16 21 91 45 44 47 87 50 52 47 21 62 62 51 67 43 59 34 38 83 35 37 97 75 98 52 40 21 96 46 75 13 37 96 33 60 61 16 26 95 66 32 30 89 81 23 89
12 82 84 86 67 79 37 14 21 96 33 52 35 59 14 77 46 26 49 46 89 40 51 69 49 82 16 54 72 46 93 15 92 86 50 49 52 70 72 25 99 55 87 17 72 31 74 45 12 87 85 12 73 19 86 54 71 22 95 65
61 54 17 50 60 64 46 85 21 57 10 54 14 17 83 91 99 89 70 13 34 48 75 67 39 10 55 58 32 45 56 58 10 10 66 59 13 27 26 63 32 63 55 11 56 26 66 24 83 18 41 78 46 26 48 47 57 58 48 92
45 26 50 15 21 58 49 35 28 81 55 93 90 54 42 77 16 66 48 81 35 71 53 78 29 34 60 87 25 31 12 44 80 71 20 34 69 18 36 93 51 33 77 51 73 88 56 62 11 44 74 57 68 41 21 39 57 71 73 51
21 13 45 82 23 87 45 39 23 22 62 87 70 84 96 91 23 71 33 83 55 25 64 38 40 77 77 60 44 13 78 25 69 15 78 13 66 85 92 95 91 26 11 60 86 93 35 57 72 38 12 61 14 57 11 70 73 80 90 54
92 89 48 72 79 15 41 11 91 59 96 16 53 10 53 62 40 75 54 62 13 90 19 76 47 59 17 71 26 87 54 21 89 68 83 54 83 21 18 45 10 40 64 98 46 63 26 57 12 38 84 35 57 10 83 81 75 91 31 94
77 11 41 39 65 98 83 63 56 70 96 94 22 23 15 29 10 58 52 35 93 46 62 26 80 28 28 63 68 18 35 43 38 23 13 52 73 66 43 71 91 66 27 64 51 73 76 73 75 27 69 92 64 44 47 47 49 81 65 89
94 45 84 45 86 44 94 65 76 41 50 32 51 13 77 34 76 98 82 78 30 36 22 37 75 58 97 22 24 94 60 88 30 20 76 56 55 44 38 39 63 10 65 96 95 33 26 34 82 84 35 62 78 21 94 84 64 56 34 32
13 77 39 83 39 86 98 85 95 49 65 52 82 49 98 23 60 43 45 80 33 49 62 82 11 95 84 20 10 74 11 57 85 60 98 31 30 12 97 37 78 58 41 28 33 90 22 96 44 64 51 16 10 32 41 32 73 90 11 50
22 53 23 84 98 91 35 74 45 93 88 88 40 63 74 33 30 61 35 23 93 55 44 16 29 77 83 74 91 54 35 80 80 90 19 45 65 28 72 15 60 82 10 36 91 69 50 28 88 29 46 56 54 16 54 13 80 44 46 49
76 78 68 13 58 58 74 92 66 14 35 99 12 55 53 88 38 98 97 12 80 58 41 57 48 99 37 89 41 90 89 23 78 88 44 19 21 51 42 38 81 46 54 24 50 62 39 48 73 66 76 15 81 90 21 48 11 34 55 91
82 94 33 29 33 18 48 46 16 70 89 40 84 24 67 73 55 68 85 14 48 97 99 23 60 32 53 94 87 40 45 82 77 45 25 28 86 14 88 97 30 18 34 84 87 29 54 30 95 62 17 58 43 85 73 88 39 33 60 37
56 62 60 77 81 40 67 68 39 21 19 41 71 49 62 11 81 12 83 34 82 59 75 94 21 91 77 21 20 76 60 55 35 95 10 57 89 95 47 63 44 81 30 48 51 42 42 21 31 62 21 17 33 42 98 18 95 74 17 93
43 30 73 34 59 88 74 86 36 87 22 96 22 58 51 31 77 26 60 41 42 75 66 79 72 99 82 65 40 12 98 20 21 11 12 12 48 73 86 15 42 78 29 43 94 65 53 77 98 71 89 35 78 59 87 97 88 94 76 53
34 91 45 38 89 29 82 42 17 10 65 47 31 83 24 34 42 14 13 43 40 26 74 36 74 44 82 15 88 74 42 53 18 29 84 20 78 25 25 14 20 27 27 31 81 79 51 51 42 68 85 40 41 54 10 87 83 51 46 26
20 75 53 34 83 44 93 14 90 28 29 80 71 54 23 92 35 58 31 54 26 55 43 31 95 63 89 94 54 86 25 10 75 69 97 95 64 43 92 41 85 29 95 48 51 55 17 50 42 99 51 37 63 39 19 42 94 32 58 39
20 29 19 81 55 72 65 49 82 10 91 70 76 87 66 14 46 76 99 62 71 77 84 71 38 70 83 60 22 34 88 51 68 23 72 20 15 85 14 14 79 46 46 85 12 30 69 15 76 48 85 63 67 47 94 68 85 50 51 32
50 22 51 71 47 88 21 31 43 53 61 27 93 83 87 43 44 27 44 92 64 63 19 98 60 97 10 20 56 18 11 11 55 36 91 19 68 52 67 27 26 47 91 80 73 27 48 64 94 49 80 13 71 18 19 68 82 84 46 59
10 45 98 64 23 93 34 38 20 94 66 88 31 99 77 46 57 77 19 90 20 18 57 82 39 45 93 65 55 75 37 11 71 89 23 31 94 20 49 98 11 46 22 99 14 22 72 41 37 36 15 45 13 10 85 93 50 34 83 12
50 46 55 31 96 47 74 19 10 73 22 56 34 26 92 19 50 49 12 98 34 69 31 43 88 80 87 33 87 83 17 14 49 91 59 55 24 18 62 89 95 79 70 70 93 85 11 92 89 36 29 98 59 17 97 69 67 36 23 58
47 70 43 44 16 66 16 39 12 71 74 64 73 84 69 91 84 49 33 35 43 48 18 69 48 53 78 25 34 20 35 71 90 94 69 59 94 40 41 81 11 64 66 25 39 35 84 70 72 46 79 59 29 96 53 55 51 70 20 68
66 24 72 76 74 64 25 12 76 47 23 41 66 79 61 37 38 45 62 99 60 96 36 29 20 91 62 89 80 61 23 97 42 78 49 45 19 28 52 38 68 46 13 31 19 86 97 30 60 65 68 14 22 26 96 78 93 49 96 66
86 55 42 57 79 30 33 79 30 20 32 37 50 43 84 94 94 24 78 95 17 44 40 86 88 54 20 19 80 82 69 52 74 63 13 85 75 30 65 98 56 32 38 10 80 45 57 42 40 10 72 35 91 46 21 51 57 78 58 68
95 90 32 44 82 94 29 17 20 56 12 77 27 46 10 80 89 67 83 37 71 51 95 78 58 31 82 57 69 79 49 34 15 45 60 70 61 71 40 16 21 97 25 38 63 45 69 81 31 48 53 33 89 21 81 60 82 34 62 36
60 21 49 70 97 32 66 71 29 19 12 43 15 97 12 33 34 61 69 36 87 53 96 94 27 89 96 98 40 55 51 70 29 12 69 39 18 98 14 29 44 18 17 67 86 80 66 40 35 13 34 70 92 86 54 51 94 34 36 96
28 72 73 43 17 23 85 52 18 45 36 19 41 62 29 89 76 77 69 44 41 69 56 10 26 23 10 54 18 66 39 17 23 45 91 70 26 96 23 47 35 10 37 42 90 42 20 37 77 73 10 31 56 51 51 63 78 47 92 37
15 47 49 64 96 71 70 41 48 63 23 29 66 63 30 92 19 26 99 38 55 38 85 34 47 88 17 12 64 43 79 44 26 77 56 57 99 79 66 73 87 89 93 19 46 81 77 65 37 12 98 37 18 99 51 17 36 42 88 78
14 58 69 71 27 98 66 79 17 38 25 27 96 78 95 66 47 77 32 76 61 55 82 63 65 23 72 48 53 39 48 23 32 34 21 43 61 11 93 20 30 88 84 32 68 88 87 17 37 44 36 69 47 48 73 51 23 83 19 20
11 29 91 96 14 22 11 70 73 38 96 10 26 46 66 84 71 68 53 51 23 33 50 20 15 88 45 17 20 51 26 39 58 86 93 72 74 77 47 91 13 40 89 82 83 77 70 45 53 16 15 46 56 76 75 29 68 61 23 64
96 84 86 25 87 45 92 72 55 85 76 51 79 69 57 27 67 91 21 77 59 62 58 29 98 97 63 92 25 96 69 39 37 75 18 18 18 41 21 65 20 55 18 53 29 75 71 29 38 31 32 64 52 19 24 49 18 57 57 99
86 92 80 55 31 30 95 90 33 96 83 41 64 44 87 59 26 95 23 31 97 98 53 98 62 95 56 69 47 20 77 66 21 23 31 57 32 70 24 11 11 92 79 51 73 35 61 16 66 79 14 76 59 50 97 31 67 70 14 66
35 36 32 80 60 64 78 53 73 48 84 13 85 75 33 18 93 22 12 94 13 93 97 91 21 14 47 57 82 20 79 42 90 17 66 29 36 80 73 36 88 98 38 16 77 21 52 21 52 39 99 90 55 13 34 49 65 17 30 99
39 57 91 96 53 92 14 63 64 44 56 72 96 37 94 71 65 23 17 47 31 69 98 89 48 84 33 35 27 31 30 50 40 76 31 41 89 50 64 85 88 26 61 59 76 58 62 65 36 16 76 26 87 90 49 79 70 78 44 73
86 11 97 99 84 20 92 98 10 12 90 27 88 64 22 99 12 73 57 60 18 65 28 89 67 88 67 73 34 91 17 80 46 96 50 34 25 59 26 72 89 48 91 66 72 78 53 10 45 11 29 93 88 30 27 17 36 23 23 76
32 90 54 49 20 73 41 66 26 39 19 13 75 37 12 14 23 79 24 43 76 67 62 48 60 64 86 89 70 94 68 96 24 57 55 95 35 24 36 95 98 78 73 84 36 35 52 98 72 30 93 52 49 46 33 54 90 62 75 56
71 10 98 75 77 24 49 33 73 93 49 23 39 52 88 38 60 93 72 23 25 28 74 58 10 12 62 87 57 90 16 38 97 52 52 92 21 23 71 69 23 34 50 50 33 52 62 62 18 81 26 21 57 43 75 16 42 36 80 50
41 16 40 46 31 42 15 78 38 75 89 58 41 62 44 40 66 69 39 31 89 33 72 89 16 71 19 13 69 85 92 73 73 17 49 95 88 55 50 31 94 97 56 73 76 27 51 100 25 28 85 31 81 95 17 80 48 22 90 33
12 47 57 89 50 57 52 88 93 10 79 70 77 97 91 43 98 81 39 74 23 41 74 25 19 42 98 16 32 43 89 65 22 35 74 81 10 44 35 70 66 23 68 69 19 91 46 35 72 83 89 99 22 76 95 83 34 89 94 37
60 49 80 37 29 92 42 59 71 86 74 19 29 61 70 49 96 43 32 36 63 30 10 70 80 87 37 39 94 26 43 98 35 83 94 61 36 80 10 59 49 15 81 70 82 59 66 60 67 83 33 80 97 97 21 58 90 13 86 19
49 10 36 45 25 10 13 25 73 28 15 30 93 56 21 77 65 72 43 91 41 41 19 18 35 49 40 22 68 87 19 99 48 44 43 51 66 82 19 58 45 23 42 77 86 78 66 76 30 10 39 21 91 94 94 43 75 62 40 80
76 12 98 52 68 62 85 48 35 87 58 52 17 15 96 48 44 80 35 11 18 47 53 14 64 75 22 35 33 26 50 31 53 36 77 86 41 99 84 44 93 21 78 11 55 81 14 90 81 50 16 56 93 25 94 98 89 44 41 78
72 50 53 43 48 37 27 70 17 52 15 95 96 50 53 74 55 14 51 91 27 88 44 72 26 11 78 28 54 17 61 15 57 63 36 34 83 15 28 69 59 38 35 24 82 34 99 12 80 44 98 25 47 36 21 65 84 15 58 54
10 42 98 24 67 54 82 53 14 91 57 67 74 83 95 95 38 37 58 59 45 84 35 41 20 75 11 32 11 27 83 67 25 84 76 46 92 90 69 68 12 79 10 23 63 66 36 25 58 10 32 49 53 27 89 21 46 82 62 88
28 58 69 67 47 91 19 46 68 53 19 12 52 57 47 59 24 60 15 97 63 85 87 18 92 78 54 65 30 74 70 70 95 37 47 30 57 97 93 34 82 74 20 88 18 62 10 85 69 67 51 46 71 75 67 79 54 45 25 71
54 87 85 95 84 85 83 80 63 95 48 75 15 42 50 68 52 54 75 40 61 50 47 38 70 52 48 95 42 61 58 79 76 77 17 75 67 68 55 88 96 55 26 99 56 77 94 78 31 13 30 67 73 12 88 38 95 58 17 50
64 81 54 38 67 52 70 51 26 23 16 11 33 35 50 12 43 86 35 49 95 25 72 96 86 61 83 88 55 99 38 72 55 57 80 90 67 55 36 84 39 91 38 33 13 23 50 29 92 18 18 33 32 61 31 28 22 56 49 40
44 79 32 88 58 34 63 23 61 66 32 32 73 16 65 58 13 44 85 19 34 55 67 72 61 29 28 32 15 88 66 94 70 41 39 50 21 40 34 27 45 95 41 96 59 31 48 72 22 50 17 58 92 52 19 74 71 35 89 97
84 59 35 76 16 30 14 48 57 70 66 60 31 81 19 94 10 65 66 79 71 41 83 87 68 98 22 71 65 84 28 58 95 76 88 37 44 18 23 24 33 17 76 16 14 68 61 25 46 89 92 38 71 46 61 11 57 62 63 83
32 38 16 76 87 62 14 57 27 30 22 59 13 42 59 57 71 72 45 93 69 35 41 29 65 79 39 65 45 12 50 59 97 46 49 79 21 30 85 91 21 87 31 57 39 18 78 64 92 98 21 76 41 86 65 16 40 18 61 14
14 24 98 17 20 42 36 52 91 86 92 94 92 50 65 69 10 49 46 81 93 14 20 35 53 52 90 63 84 92 37 85 11 71 19 61 40 10 52 94 76 95 86 99 27 49 59 62 53 82 26 20 93 38 26 30 74 92 53 94
21 74 65 12 25 88 73 52 95 21 59 40 86 91 96 24 16 22 69 81 16 20 46 33 30 13 60 84 13 45 28 30 26 61 65 74 25 34 95 53 95 56 66 87 38 31 17 85 18 44 23 54 89 85 74 16 41 33 66 69
